11.85 21.406533032950584
14.85 24.062517899703018
17.83 22.472398454516778
20.8 22.82657919154864
23.86 12.750099047805897
26.86 19.05539817975375
29.87 25.226629550319995
32.87 18.911187856177715
35.84 41.33064874406712
38.84 40.95604113919598
4.88 15.452545430045653
41.87 63.12489708991952
44.87 64.5743929009602
47.89 59.71464013834502
50.83 52.69722923914898
53.8 14.651176103499063
56.83 19.75529332217425
59.88 18.56263460064263
62.88 17.281942866367142
65.86 15.907216857094674
68.81 12.393532020409134
71.87 10.789936055473518
74.84 9.151947286532296
77.8 9.49302496518439
8.84 22.753353159979653
80.86 11.757385952589233
83.87 9.858076965852362
86.85 7.909168707704408
89.8 5.9156150064943755
