11.85 64.69055599552205
14.85 85.89683641766224
17.83 100.79586857726513
20.8 121.7614888202834
23.86 117.86844052833656
26.86 113.86801990729123
29.87 117.97810732725883
32.87 111.66266563311656
35.84 101.10382331142772
38.84 92.48463990416201
4.88 60.79771234321576
41.87 85.79748054650457
44.87 85.18583240694662
47.89 78.26493569373278
50.83 75.36981269573403
53.8 68.24091881906372
56.83 60.978172334147075
59.88 51.54093781022088
62.88 44.07681422414948
65.86 34.457512412482444
68.81 28.88268362519826
71.87 25.217943709664006
74.84 21.518810990124145
77.8 21.859888668776236
8.84 57.792800320156545
80.86 24.124249656181078
83.87 22.224940669444205
86.85 18.214888460697612
89.8 16.221334759487583
