# BEGINHEADER
# This file contains data from the SALSA 2m radio telescope.
# DATE=2023-03-31T06:26:0001
# GLON and GLAT given in degrees
# GLON=11.854120605234035
# GLAT=0.2896462009180681
# DATA in two columns below. Col. 1 is velocity relative to LSR [km/s]. Col. 2 is uncalibrated antenna temperature [K].
# ENDHEADER
307.90554216616164 3.249455027723293
305.844398215563 6.366983438541049
303.7832542649644 4.511265041123359
301.7221103143657 2.1010142102971714
299.6609663637671 1.7930735061205556
297.59982241316845 3.859187997904933
295.5386784625698 3.229445393344176
293.47753451197116 3.85311774901265
291.4163905613725 -0.1694035715401098
289.35524661077386 1.4726383437740933
287.29410266017527 2.7490547680681208
285.23295870957656 5.0374712594963
283.171814758978 -0.7615554615234716
281.1106708083793 2.8129087962729686
279.0495268577806 2.6292009924045323
276.98838290718203 3.3511477770109215
274.9272389565834 0.4151994901834395
272.8660950059848 1.2577322272847202
270.8049510553861 3.133719357093995
268.74380710478744 -0.06050640746009825
266.68266315418884 0.435550988191646
264.6215192035902 1.2778288636771686
262.56037525299155 4.114051313965532
260.4992313023929 -0.7527687954916632
258.43808735179425 2.091359455771363
256.37694340119566 3.3695990783205967
254.31579945059698 1.7092416615578838
252.25465549999834 0.342598672620942
250.19351154939972 1.573746648232197
248.13236759880107 2.3273060639411134
246.07122364820242 3.2592224311024496
244.01007969760377 0.14760696300997814
241.94893574700515 2.491902936916385
239.8877917964065 2.6677975029305805
237.82664784580786 3.4896940472180447
235.7655038952092 0.9450588633332948
233.70435994461056 1.649367569140888
231.64321599401194 2.3232050513691074
229.5820720434133 3.4922842453098335
227.52092809281467 1.1717066673751861
225.459784142216 0.4798638822573785
223.39864019161737 1.1056263917237137
221.33749624101873 0.2759260660797735
219.2763522904201 5.153524689097973
217.21520833982146 1.7708207396834177
215.1540643892228 5.616767143239086
213.09292043862416 -1.3096227948439176
211.03177648802554 0.5449381234512926
208.9706325374269 -0.50171885522786
206.90948858682825 1.111842603054757
204.8483446362296 1.5851412551587798
202.78720068563098 0.5019020201893668
200.72605673503233 4.954116078499554
198.66491278443368 -1.2073334631286277
196.60376883383506 1.9334536939225362
194.5426248832364 2.313584526224979
192.4814809326378 3.1324700850734715
190.42033698203912 4.300986965143629
188.3591930314405 -2.748767362866564
186.29804908084185 4.851770080356016
184.23690513024323 4.488018555895083
182.17576117964458 0.31304981692302036
180.11461722904593 1.732661530831235
178.05347327844729 3.0306766058303407
175.99232932784867 2.765382860106499
173.93118537725002 4.898821215323137
171.8700414266514 3.737834395885508
169.80889747605272 1.5323730394200543
167.7477535254541 5.34621763418376
165.68660957485545 0.8027719656499152
163.62546562425683 0.28877648230703623
161.56432167365818 4.602217670786251
159.5031777230595 3.3618509422213045
157.4420337724609 4.7152243199666675
155.38088982186224 8.214073839162543
153.31974587126362 4.593963855049533
151.25860192066494 3.383826249809168
149.19745797006632 3.5424967537651555
147.13631401946768 5.00532917306309
145.07517006886906 4.2400530135707735
143.0140261182704 5.260640847495728
140.95288216767176 3.827721902534964
138.8917382170731 4.248525692822599
136.8305942664745 7.251061560088556
134.76945031587584 3.6106561444984298
132.70830636527722 6.305876797261046
130.64716241467858 4.737342626341125
128.58601846407993 3.658914052346646
126.52487451348128 6.066808173574322
124.46373056288263 5.030646510781642
122.402586612284 6.9557626103131565
120.34144266168536 5.055487602615585
118.28029871108672 7.151370822163914
116.21915476048808 7.278353673888454
114.15801080988943 4.568685431134176
112.0968668592908 9.878758010937627
110.03572290869215 5.1573988197648335
107.97457895809352 4.682572890007203
105.91343500749488 6.9079337199113855
103.85229105689622 6.969174448381684
101.79114710629759 10.429191870213797
99.73000315569894 9.559412227867568
97.66885920510029 7.877448866818177
95.60771525450166 10.211787659124434
93.54657130390301 6.653301972288921
91.48542735330437 6.570859926352018
89.42428340270573 6.2651736248150725
87.36313945210709 6.89280260614403
85.30199550150846 10.13986911256834
83.24085155090981 8.210439382463953
81.17970760031118 11.550076230052555
79.11856364971253 5.5863691263205055
77.0574196991139 9.45666779352291
74.99627574851525 9.002734618085588
72.93513179791661 13.627181905020318
70.87398784731798 11.098324330824452
68.81284389671933 14.505729222901746
66.7516999461207 16.352572801164282
64.69055599552205 14.694277109636204
62.629412044923406 18.97275668496522
60.568268094324765 18.40985411422666
58.507124143726124 20.24954439450387
56.44598019312748 20.609585584439436
54.384836242528834 23.822453914556313
52.32369229193019 23.00181054926929
50.26254834133156 29.83331425902174
48.20140439073292 32.65476550240672
46.14026044013428 32.06456361044533
44.079116489535636 33.56391948072319
42.017972538936995 39.724219647849395
39.956828588338354 42.3098001508023
37.89568463773972 48.23260282624548
35.83454068714107 51.59814155865175
33.77339673654243 57.75056442691397
31.71225278594379 61.15207153127513
29.65110883534515 60.93832373669354
27.58996488474651 65.87548010426752
25.52882093414787 70.14643530657592
23.46767698354923 72.96925885832941
21.406533032950584 73.28692175148096
19.345389082351947 79.07406627051584
17.284245131753305 86.60975623962761
15.223101181154666 91.39056339709555
13.161957230556023 90.0889511810952
11.100813279957384 91.13197349118501
9.039669329358741 86.66278432133265
6.978525378760102 87.2886147640396
4.917381428161461 81.56866310355502
2.85623747756282 82.51304848736041
0.7950935269641793 77.74995402538752
-1.2660504236344614 62.26318420676202
-3.3271943742331023 50.8742158933256
-5.388338324831743 48.82578632103032
-7.449482275430384 45.36619464203249
-9.510626226029025 49.754523668761415
-11.571770176627666 47.26562962991387
-13.632914127226305 46.01016438236104
-15.694058077824947 42.78723953991547
-17.75520202842359 44.04050195692292
-19.81634597902223 39.04071263238911
-21.877489929620868 31.825000377805345
-23.93863388021951 25.991614586375267
-25.99977783081815 25.452867246443258
-28.06092178141679 21.0129407897186
-30.122065732015432 19.64958383822462
-32.18320968261408 17.525812897962464
-34.24435363321271 14.996802941539304
-36.30549758381135 10.643026888340252
-38.36664153440999 6.821425598196544
-40.427785485008634 9.648292656537334
-42.48892943560728 11.524350005294174
-44.55007338620592 10.39227757843597
-46.61121733680456 11.292734189784712
-48.6723612874032 8.824823712989163
-50.73350523800184 6.970819511226564
-52.79464918860048 5.769082356826747
-54.85579313919912 5.838293099440001
-56.91693708979776 3.639068923488285
-58.9780810403964 7.732826928372411
-61.039224990995045 9.703559780984428
-63.100368941593686 4.6564029664857
-65.16151289219232 7.161088942953531
-67.22265684279097 6.911145051838753
-69.2838007933896 8.426042778062266
-71.34494474398825 6.232063018095728
-73.40608869458688 8.609639559728864
-75.46723264518553 6.87512629250888
-77.52837659578417 7.1123496541008855
-79.5895205463828 6.204492857851381
-81.65066449698145 9.569018208382154
-83.71180844758008 7.146094453222704
-85.77295239817873 9.190379478665163
-87.83409634877736 9.452357622189881
-89.89524029937603 7.8441157775694315
-91.95638424997466 10.643517313489694
-94.0175282005733 8.465316586195994
-96.07867215117194 7.724578089196104
-98.13981610177058 8.763787792203033
-100.20096005236921 8.570530039053699
-102.26210400296785 8.697490680479095
-104.3232479535665 7.323537921171931
-106.38439190416513 9.592521802250321
-108.44553585476378 5.1931532304587416
-110.50667980536241 5.966652701681636
-112.56782375596106 8.218565016100587
-114.62896770655969 8.710501253493291
-116.69011165715833 8.762500039230241
-118.75125560775697 8.65933071558157
-120.81239955835561 6.328013229739541
-122.87354350895426 7.467279302998474
-124.93468745955289 6.303312452915806
-126.99583141015154 6.563660430234894
-129.0569753607502 9.113633771597664
-131.11811931134883 10.38268398385605
-133.17926326194745 7.618562179687929
-135.2404072125461 10.31861794649049
-137.30155116314472 11.042890378206472
-139.3626951137434 9.723288865107673
-141.42383906434202 10.51573916002696
-143.48498301494067 10.436792012363966
-145.5461269655393 9.470047465947058
-147.60727091613794 6.312004259879597
-149.6684148667366 7.800062659847739
-151.72955881733523 6.3858424005341705
-153.79070276793388 8.166439695834741
-155.8518467185325 7.058151183299443
-157.91299066913115 7.735805354232411
-159.9741346197298 9.068114917868204
-162.03527857032844 9.388644733719657
-164.09642252092706 9.524836387944859
-166.1575664715257 9.182652884716386
-168.21871042212436 9.574781182881125
-170.279854372723 10.367112111039724
-172.34099832332163 8.994848549738508
-174.40214227392028 6.19789574666036
-176.4632862245189 12.257637831107473
-178.52443017511757 9.196857753139312
-180.5855741257162 7.566901487563931
-182.64671807631484 8.747245350453788
-184.70786202691346 11.148470989959774
-186.7690059775121 8.955591831610784
-188.83014992811079 11.501556621940697
-190.8912938787094 9.077737882319463
-192.95243782930805 8.043233940420958
-195.01358177990667 11.777433294357314
-197.07472573050532 10.191268135217118
-199.13586968110397 7.895637739014228
-201.19701363170265 9.402530410496947
-203.25815758230127 8.434213815911795
-205.3193015328999 6.89519815428643
-207.38044548349853 7.811945701075177
-209.4415894340972 6.438102511348019
-211.50273338469583 10.129907153993345
-213.56387733529448 6.950941025897917
-215.6250212858931 3.632093181975169
-217.68616523649175 5.325046773707864
