# BEGINHEADER
# This file contains data from the SALSA 2m radio telescope.
# DATE=2023-03-31T06:35:0014
# GLON and GLAT given in degrees
# GLON=14.853572895175407
# GLAT=0.3010653979603723
# DATA in two columns below. Col. 1 is velocity relative to LSR [km/s]. Col. 2 is uncalibrated antenna temperature [K].
# ENDHEADER
308.50038308231547 5.5481501044219454
306.43923913171676 6.910269567730267
304.37809518111817 7.8231280314810885
302.3169512305195 8.194455261319266
300.25580727992093 3.9754002737730234
298.1946633293222 3.8891689357581587
296.1335193787236 2.9734505049878273
294.072375428125 3.545280303120091
292.01123147752634 9.357105119877986
289.9500875269277 5.173618382453413
287.88894357632904 5.290573514525664
285.8277996257304 2.3040019627211117
283.7666556751318 1.0048146606081239
281.7055117245331 -0.14872442369361308
279.6443677739345 3.119313929710994
277.58322382333586 2.482980026031622
275.52207987273715 3.4485984149695628
273.46093592213856 5.504906722284513
271.3997919715399 -1.39837636288968
269.33864802094126 1.8170804341630589
267.2775040703426 5.5632892612966485
265.21636011974397 2.450983792659146
263.1552161691454 1.5483056472157786
261.0940722185467 5.029631336550815
259.0329282679481 5.300599870480454
256.97178431734943 3.0782688290211375
254.91064036675078 1.9931977397000304
252.84949641615214 -0.35782170294094673
250.78835246555352 2.3712172106245912
248.72720851495487 2.5821998916899753
246.66606456435625 4.9563420287276045
244.60492061375757 3.964487664733405
242.54377666315895 2.2117102583962436
240.4826327125603 6.062106366124457
238.42148876196165 3.9196521781991134
236.36034481136303 3.1750164659676017
234.29920086076436 1.2566340623491186
232.23805691016574 4.685593305890184
230.1769129595671 4.761467232196105
228.11576900896847 3.0602201923888575
226.05462505836982 -0.23149612898063215
223.99348110777117 6.286120350955119
221.93233715717253 8.081631693197059
219.8711932065739 5.767715860221485
217.81004925597526 4.383002508678145
215.7489053053766 3.2694981567336256
213.68776135477796 2.379401046154826
211.62661740417934 4.844746448782429
209.5654734535807 2.271945143890834
207.50432950298207 2.4276239532745625
205.4431855523834 4.191774190189592
203.38204160178478 2.5977647944187106
201.32089765118613 5.876573321410301
199.25975370058748 4.14539889901465
197.19860974998886 2.4559206069645896
195.13746579939018 3.083712403329365
193.07632184879157 5.140728537033333
191.01517789819292 4.402841768855868
188.9540339475943 2.825056186952555
186.89288999699562 2.816751993719978
184.831746046397 2.459560525161231
182.77060209579835 3.4466640017362127
180.70945814519973 3.0456409487405116
178.64831419460108 3.674314697127142
176.58717024400244 7.324829633267574
174.5260262934038 4.566439321842081
172.46488234280517 4.219152554098683
170.40373839220652 5.817735748564203
168.3425944416079 3.9816498422606452
166.28145049100922 4.209494590929034
164.2203065404106 1.7904508440462665
162.15916258981196 3.8935901769900947
160.0980186392133 8.448772916747329
158.03687468861466 4.147754231119341
155.975730738016 9.380535478497517
153.9145867874174 5.759450068107572
151.85344283681874 5.3077843563164535
149.79229888622012 6.8678890071488885
147.73115493562145 7.958431365263074
145.67001098502283 9.80418448419164
143.60886703442418 7.190937593338297
141.54772308382556 6.9754791026443215
139.4865791332269 8.134245347127205
137.42543518262826 9.847042565654059
135.36429123202961 10.932757607450764
133.303147281431 12.124107910392548
131.24200333083235 10.020199550064657
129.1808593802337 9.541101369867297
127.11971542963506 10.368605000880715
125.05857147903642 8.596604733092935
122.99742752843778 12.13742170495551
120.93628357783913 7.302445180811452
118.8751396272405 7.148681513638664
116.81399567664185 10.977716457105071
114.75285172604322 9.317437546487334
112.69170777544458 9.244653530778196
110.63056382484594 10.298037806581597
108.5694198742473 11.097656523207517
106.50827592364865 10.890544934551254
104.44713197305002 12.52844951685039
102.38598802245136 10.337783121241069
100.32484407185272 10.2440551317891
98.26370012125409 9.67781377769841
96.20255617065544 11.220806798114559
94.14141222005681 12.704173269261728
92.08026826945816 13.117364133436322
90.01912431885953 12.000013918734645
87.95798036826088 14.455755171880128
85.89683641766224 15.666288461563362
83.83569246706361 14.122950805732463
81.77454851646496 11.77713808238616
79.71340456586633 11.176849932200515
77.65226061526768 14.078500374256828
75.59111666466904 15.522785011919586
73.52997271407041 13.744125131143303
71.46882876347176 18.492796782863458
69.40768481287313 20.983393147862213
67.34654086227448 20.16411162394533
65.28539691167585 22.199273552613295
63.2242529610772 27.594425631481016
61.16310901047856 29.036608982559954
59.101965059879916 29.683764224193947
57.040821109281275 33.276937441067815
54.97967715868263 35.86994365155059
52.91853320808399 41.5912393274788
50.85738925748535 40.65014044484403
48.79624530688671 40.60195993852682
46.73510135628807 39.58665174134888
44.67395740568943 42.946108057117264
42.61281345509079 46.83651401115062
40.551669504492146 52.101056584687555
38.49052555389351 53.57757126328683
36.42938160329487 58.98878238388843
34.36823765269622 62.98992547517024
32.30709370209758 63.902556178694354
30.24594975149894 65.72911816590923
28.184805800900303 68.93205443918488
26.123661850301662 75.17617003931794
24.062517899703018 82.56926830849565
22.00137394910438 84.36190761362782
19.940229998505735 87.62327223903496
17.879086047907094 94.6617660749707
15.817942097308455 90.2639303507709
13.756798146709814 92.81590511673093
11.695654196111175 91.12202960217512
9.634510245512535 87.19346088137064
7.573366294913893 90.88345948830295
5.512222344315252 87.87527936612321
3.451078393716612 95.04121512414702
1.389934443117971 88.48260343459371
-0.6712095074806698 71.12025659625957
-2.7323534580793107 58.347820804738575
-4.793497408677951 47.80915876117446
-6.8546413592765925 45.138994322256494
-8.915785309875233 46.90372366833761
-10.976929260473874 47.366436627606305
-13.038073211072515 41.31544765137545
-15.099217161671158 44.04897261480062
-17.1603611122698 41.34899232438987
-19.221505062868438 38.039739366304126
-21.28264901346708 38.24303489956337
-23.34379296406572 36.873612164304134
-25.404936914664358 35.05203647134508
-27.466080865263 29.851441857210634
-29.52722481586164 23.47410111594291
-31.58836876646028 21.22033498470917
-33.64951271705892 21.044500473974885
-35.71065666765756 15.726978696449613
-37.7718006182562 18.392119882364586
-39.83294456885484 16.1003611980438
-41.89408851945349 13.767434913576524
-43.955232470052124 10.13673666677727
-46.016376420650765 13.705700110127594
-48.077520371249406 10.96478397755251
-50.13866432184805 13.233589007237663
-52.19980827244669 11.276269201422279
-54.26095222304533 8.79384387175481
-56.32209617364397 12.136546126214041
-58.383240124242604 9.05301242724727
-60.444384074841246 15.248458767190705
-62.505528025439894 8.088498285656604
-64.56667197603853 11.078342229871588
-66.62781592663717 10.348233843809291
-68.68895987723582 9.01849621754785
-70.75010382783445 8.395799812086082
-72.8112477784331 7.217200466797865
-74.87239172903173 9.78558146892304
-76.93353567963038 10.22094684684552
-78.99467963022902 9.66654579107339
-81.05582358082765 6.215635828638443
-83.1169675314263 8.969702792525455
-85.17811148202493 8.251387351262398
-87.23925543262358 11.962118452828083
-89.30039938322221 9.339003369259869
-91.36154333382088 5.980075526392461
-93.42268728441951 10.923826707552896
-95.48383123501814 11.74127397124698
-97.54497518561679 10.775275151038986
-99.60611913621543 10.023115925865755
-101.66726308681407 8.732885839152637
-103.72840703741271 8.840450052399
-105.78955098801134 7.328050387842574
-107.85069493860999 10.173637256686456
-109.91183888920862 12.100544380022761
-111.97298283980727 8.798042336527041
-114.0341267904059 10.909492634919413
-116.09527074100455 8.020677280831652
-118.15641469160319 11.947589219293814
-120.21755864220182 9.709127425240908
-122.27870259280047 11.782561461776616
-124.3398465433991 12.78501346664756
-126.40099049399775 10.361309912439431
-128.4621344445964 9.47375499687486
-130.52327839519504 7.483848473249609
-132.58442234579368 11.976954098101983
-134.64556629639233 13.209553473775692
-136.70671024699095 11.557974487699536
-138.7678541975896 9.990022687524805
-140.82899814818822 12.234402202165725
-142.8901420987869 11.051541887031751
-144.95128604938552 10.221119451791697
-147.01242999998416 12.941620285304266
-149.0735739505828 9.125619719825105
-151.13471790118143 10.528025734314683
-153.1958618517801 16.006887577811373
-155.25700580237873 11.175538550274656
-157.31814975297738 11.555549109442415
-159.379293703576 12.945142171191542
-161.44043765417464 10.663650145600883
-163.5015816047733 12.537982276425717
-165.56272555537194 8.957891603947072
-167.62386950597056 13.6455571734647
-169.6850134565692 10.259875672787016
-171.74615740716786 9.669704624667016
-173.8073013577665 8.253387386367669
-175.86844530836512 10.539619557539048
-177.92958925896377 13.183471105527197
-179.9907332095624 10.547753285691646
-182.05187716016107 14.611376243127859
-184.1130211107597 16.253774694311563
-186.17416506135834 7.442442326779955
-188.23530901195699 9.342412021195202
-190.2964529625556 10.469877596535785
-192.35759691315428 10.524841499410078
-194.4187408637529 8.984525506745952
-196.47988481435155 8.414511258052032
-198.54102876495017 13.066019836875675
-200.60217271554885 12.10774422050521
-202.66331666614747 10.311362038974607
-204.72446061674611 8.943859795640925
-206.78560456734473 9.883604192823439
-208.84674851794338 7.296385192756454
-210.90789246854203 11.663379244137412
-212.96903641914068 10.853307722708374
-215.0301803697393 8.713868113143917
-217.09132432033795 8.44641644208057
