# BEGINHEADER
# This file contains data from the SALSA 2m radio telescope.
# DATE=2023-03-31T06:40:0009
# GLON and GLAT given in degrees
# GLON=17.829887649394177
# GLAT=0.27966115288344945
# DATA in two columns below. Col. 1 is velocity relative to LSR [km/s]. Col. 2 is uncalibrated antenna temperature [K].
# ENDHEADER
308.9714075877278 4.022658334186319
306.9102636371292 10.210364171690083
304.84911968653057 7.75784711281033
302.7879757359319 3.5183830686227213
300.7268317853333 3.751052604789559
298.6656878347346 2.394521124820201
296.604543884136 5.547920750436969
294.54339993353733 3.623886707191009
292.4822559829387 -0.23835974328374152
290.4211120323401 3.2343254905349945
288.35996808174144 2.8669288312431696
286.29882413114274 -1.1827826143878115
284.23768018054415 4.434983776192057
282.1765362299455 1.7789173740119502
280.1153922793469 1.5778514966832742
278.0542483287482 1.1476600765093372
275.99310437814955 -1.7463909124321704
273.93196042755096 1.1387325742598629
271.8708164769523 0.882094002508183
269.80967252635367 5.545442228150426
267.748528575755 3.3731920652418848
265.68738462515637 3.267255982996807
263.6262406745578 3.040122508535777
261.5650967239591 2.0873501547748474
259.5039527733605 4.964425055338027
257.44280882276183 -0.35205985011684976
255.38166487216319 3.856235284299587
253.32052092156454 1.2292115742426912
251.2593769709659 0.8364373824938863
249.19823302036724 3.814227770665483
247.13708906976862 2.413474111266026
245.07594511916997 2.108739578268124
243.01480116857132 1.5634378224579468
240.95365721797268 2.198090855198875
238.89251326737406 1.5195943377917724
236.8313693167754 3.042956791901922
234.7702253661768 1.0995537056658575
232.7090814155781 2.341650706803652
230.6479374649795 2.567284093097691
228.58679351438084 4.242836973692522
226.52564956378222 4.679681763780335
224.46450561318358 1.6217158943348866
222.40336166258493 3.561520965441195
220.34221771198628 2.4053816689826277
218.28107376138763 1.4603762621013527
216.219929810789 1.533282931298137
214.15878586019033 2.498685819421363
212.09764190959172 4.82270734253044
210.03649795899307 -0.33910817695135687
207.97535400839445 1.8374249292715288
205.9142100577958 2.4977096375698378
203.85306610719715 -0.18294251926323116
201.7919221565985 3.914138983391396
199.73077820599988 5.970755509569719
197.66963425540123 3.976971663851023
195.60849030480261 1.9979326330221152
193.54734635420394 5.4294554328265
191.48620240360532 3.1035109082499477
189.42505845300667 3.2396052754410833
187.36391450240805 -0.019317837359294772
185.30277055180937 4.9915397189599275
183.24162660121075 4.440796913227156
181.1804826506121 3.6749645156222908
179.11933870001346 3.232928863496837
177.05819474941484 2.506806554899222
174.99705079881616 3.436189007647466
172.93590684821754 2.7607143218724097
170.8747628976189 4.033400835053021
168.81361894702027 2.8854018317335037
166.75247499642163 3.5346307829332106
164.69133104582298 4.150403557048161
162.63018709522433 7.69393045347597
160.5690431446257 3.9173503311026923
158.50789919402706 1.8707165535856953
156.44675524342844 1.9327550175386914
154.38561129282976 4.757360462315684
152.32446734223115 6.183694309388258
150.2633233916325 4.613828966080322
148.20217944103388 2.766540976307444
146.1410354904352 6.179112015090672
144.07989153983658 6.510833156646723
142.01874758923793 9.145752555594305
139.95760363863928 5.780400666175665
137.89645968804066 5.616429552747579
135.835315737442 8.787032194917375
133.77417178684337 7.759360254313199
131.71302783624472 12.074685782493228
129.65188388564607 9.335424296649212
127.59073993504745 12.586580733377696
125.52959598444882 11.495442313180687
123.46845203385017 15.073712607401859
121.40730808325152 11.11552101812372
119.34616413265287 14.363938721162993
117.28502018205424 13.679401398386862
115.2238762314556 12.081809684693965
113.16273228085696 12.267827559162633
111.10158833025832 11.792438543553121
109.04044437965968 12.271683762060947
106.97930042906104 15.54106604260566
104.9181564784624 12.0101242976765
102.85701252786376 10.458267868197328
100.79586857726513 17.072432028004446
98.73472462666649 10.605009738109057
96.67358067606784 13.431612809367772
94.61243672546921 15.24279123134557
92.55129277487057 13.8364425170674
90.49014882427193 14.254917627105948
88.42900487367329 16.247191975493468
86.36786092307464 16.281720450281963
84.30671697247601 14.359491443672692
82.24557302187735 17.513425382787048
80.18442907127871 18.371904422053664
78.12328512068008 17.253713576934313
76.06214117008143 19.700816858390656
74.0009972194828 23.49788512495795
71.93985326888415 23.481212487184532
69.87870931828552 21.991767899240745
67.81756536768687 24.155713307480248
65.75642141708823 24.32743146406138
63.69527746648959 30.010144264354253
61.63413351589095 29.80359784235443
59.57298956529232 32.78539643896011
57.51184561469368 37.97205447594371
55.450701664095035 39.750014478032845
53.38955771349639 39.713228842229604
51.328413762897746 41.7901098291746
49.267269812299105 40.413466954605006
47.206125861700464 43.99487271240405
45.14498191110183 48.79838419522472
43.08383796050319 44.62769231692013
41.02269400990455 52.705452972317204
38.96155005930591 54.76518873174772
36.900406108707266 54.074862852409105
34.839262158108625 56.58241628366549
32.778118207509976 58.17823473774514
30.716974256911342 63.29100242468738
28.6558303063127 69.9994748084944
26.59468635571406 74.01227495942298
24.53354240511542 75.82541643844118
22.472398454516778 84.29713446575717
20.41125450391814 87.60845889613456
18.350110553319496 89.6663525504821
16.28896660272086 90.31525022461616
14.227822652122216 88.50049595450018
12.166678701523573 81.0483380777772
10.105534750924933 81.91981719747925
8.044390800326292 87.12933186899882
5.983246849727651 89.9744047938858
3.9221028991290106 97.24934679138643
1.8609589485303701 88.13177099416171
-0.20018500206827056 71.44753550595827
-2.2613289526669114 55.907582250463655
-4.3224729032655524 50.452529904684596
-6.3836168538641935 44.359314960860154
-8.444760804462835 36.159695477707444
-10.505904755061474 38.221494036288476
-12.567048705660115 31.921881893415062
-14.628192656258754 35.83779229903643
-16.689336606857395 39.225225220017634
-18.750480557456036 37.27364650351384
-20.811624508054678 39.930548810652375
-22.87276845865332 37.6604802970165
-24.93391240925196 34.630218191865126
-26.995056359850597 35.786437288923466
-29.056200310449242 30.41167237365517
-31.117344261047883 30.435624109773954
-33.178488211646524 25.502482843119637
-35.239632162245165 22.266982890046318
-37.3007761128438 18.085266004334024
-39.36192006344244 16.75494000043927
-41.42306401404108 13.621453802569453
-43.48420796463973 9.462500852852301
-45.54535191523837 10.361216967854372
-47.60649586583701 11.465137668281946
-49.66763981643565 10.349518790479049
-51.72878376703429 8.750326747744086
-53.78992771763293 7.2429321755179705
-55.85107166823157 10.604197294869982
-57.91221561883021 9.943252777017577
-59.97335956942885 10.590562761581744
-62.03450352002749 8.848387243499728
-64.09564747062613 7.673775166989998
-66.15679142122477 6.84323188542445
-68.21793537182342 4.9548183449881265
-70.27907932242205 7.561946869553145
-72.34022327302068 6.599994913171324
-74.40136722361935 8.452693278263123
-76.46251117421798 9.749930113000687
-78.52365512481663 10.197866171982893
-80.58479907541526 7.493873759419963
-82.64594302601391 10.159850417916456
-84.70708697661254 9.493325981668933
-86.76823092721118 9.950677631681886
-88.82937487780983 10.612673337042466
-90.89051882840846 11.085775139705348
-92.95166277900711 8.02508127810237
-95.01280672960574 7.4534478717744745
-97.07395068020439 9.622919799833848
-99.13509463080304 6.3266742087648336
-101.19623858140167 11.886699369826571
-103.25738253200032 4.529005756489751
-105.31852648259895 8.096015817833766
-107.37967043319759 8.55465070729783
-109.44081438379624 8.173341405885054
-111.50195833439489 11.006666536979987
-113.56310228499353 10.097441483163449
-115.62424623559217 11.025145543555523
-117.68539018619082 8.783184148891555
-119.74653413678945 10.095645380510962
-121.80767808738808 10.395960215168651
-123.86882203798673 9.406694114741983
-125.92996598858537 7.151299247713539
-127.99110993918401 7.062195263532197
-130.05225388978266 6.517353139180574
-132.11339784038128 10.898938952147784
-134.17454179097993 8.109494727169023
-136.23568574157858 9.14959874193588
-138.29682969217723 11.715280830224005
-140.35797364277585 11.500989611224158
-142.4191175933745 12.553139888683207
-144.48026154397314 9.635754620023098
-146.5414054945718 8.699963589156257
-148.6025494451704 12.218865843602748
-150.66369339576906 9.868781385286162
-152.72483734636768 11.720325224525121
-154.78598129696636 9.177914211446852
-156.84712524756497 11.273448334413104
-158.90826919816362 10.769289828590846
-160.96941314876224 11.234768989743854
-163.0305570993609 13.375739069873267
-165.09170104995954 8.97106727969423
-167.1528450005582 8.10632726654186
-169.21398895115684 12.963263941137157
-171.27513290175546 12.544652885254886
-173.33627685235413 13.712072368388386
-175.39742080295275 12.973491293327099
-177.4585647535514 9.261629762780114
-179.51970870415002 10.63428075177059
-181.58085265474867 12.6357084882925
-183.64199660534732 10.806319625866108
-185.70314055594596 10.369454531742868
-187.76428450654458 10.782582870640022
-189.82542845714323 9.942242685974685
-191.88657240774185 8.191888436184842
-193.94771635834053 11.366910356082707
-196.00886030893915 14.463779869772065
-198.0700042595378 7.285609352347067
-200.13114821013642 7.568472754832665
-202.1922921607351 14.777803318139128
-204.2534361113337 9.55104834227438
-206.31458006193236 7.015290123133337
-208.375724012531 7.308010845024084
-210.43686796312963 11.084973958968432
-212.4980119137283 6.537201790982639
-214.55915586432693 6.551296925559457
-216.62029981492557 8.503773920469273
