# BEGINHEADER
# This file contains data from the SALSA 2m radio telescope.
# DATE=2023-03-31T06:45:0009
# GLON and GLAT given in degrees
# GLON=20.80086444768673
# GLAT=0.29441589427102766
# DATA in two columns below. Col. 1 is velocity relative to LSR [km/s]. Col. 2 is uncalibrated antenna temperature [K].
# ENDHEADER
309.3255883247597 3.4827678034381275
307.2644443741611 4.2140361423943835
305.20330042356244 6.105989624788572
303.14215647296373 9.463942801901227
301.08101252236514 4.91228618042061
299.0198685717665 5.2132826863972825
296.95872462116785 1.736312762711388
294.8975806705692 4.134377775541257
292.83643671997055 2.75310854671271
290.77529276937196 4.932595237374988
288.71414881877325 4.01587956466972
286.6530048681746 1.0760238235608715
284.591860917576 4.891229605855372
282.53071696697737 4.2317055666671894
280.4695730163787 2.063877880483523
278.40842906578007 2.4947635392015126
276.3472851151814 5.3460180674344535
274.28614116458283 0.3814979591711596
272.2249972139841 2.938253537608562
270.16385326338553 3.023671928231493
268.1027093127869 3.0879407901143106
266.04156536218824 4.175668568426027
263.9804214115896 4.495423792884693
261.91927746099094 1.2332950188942744
259.8581335103923 4.053742200893788
257.7969895597937 5.814740523083358
255.73584560919505 6.08719017999218
253.6747016585964 3.000793344190424
251.61355770799776 2.7636340001954975
249.5524137573991 3.673074935320512
247.49126980680046 4.65556083785935
245.43012585620184 6.810146596899008
243.36898190560316 3.7917071173139774
241.30783795500454 3.8852573714502436
239.2466940044059 3.5811268793255744
237.18555005380728 2.0905660693765546
235.12440610320863 3.593387543738876
233.06326215260998 3.451281594230015
231.00211820201133 5.591516387298492
228.9409742514127 3.247762297151274
226.87983030081406 3.086188045124806
224.81868635021544 4.909450054884498
222.75754239961677 1.5731554431969694
220.69639844901815 4.532997031073955
218.6352544984195 2.846595294717425
216.57411054782088 4.966722410623838
214.5129665972222 7.456115881648588
212.45182264662358 3.265307123443451
210.39067869602493 1.745499294099692
208.3295347454263 4.137486289031113
206.26839079482767 3.996140928746315
204.207246844229 3.103452984230181
202.14610289363037 3.7737793475868844
200.08495894303172 3.84903028022381
198.02381499243313 4.561089431024619
195.96267104183445 2.7066695085192753
193.90152709123583 6.873833274951948
191.8403831406372 4.440706333219421
189.77923919003857 4.318619671133855
187.7180952394399 6.255145902894738
185.65695128884127 2.303943096658954
183.59580733824262 3.0336833762174047
181.534663387644 2.9369748049449327
179.47351943704535 5.069203353377594
177.4123754864467 8.16525897816553
175.35123153584806 4.197178661729032
173.29008758524944 5.9971358172241045
171.2289436346508 4.121374913888248
169.16779968405214 1.8918259561735982
167.1066557334535 3.4909763724846012
165.04551178285485 9.415772401110369
162.98436783225623 6.20943530463162
160.92322388165758 3.9103997304325704
158.86207993105893 2.98745775690448
156.80093598046028 2.9450270195319783
154.73979202986166 4.3133515286859305
152.678648079263 1.052652374007912
150.6175041286644 6.362898780657389
148.55636017806572 8.480189030274433
146.4952162274671 5.439485715638548
144.43407227686845 6.621318807134818
142.37292832626983 8.147419498913447
140.31178437567118 7.525168795718089
138.25064042507253 8.208887708465245
136.18949647447388 8.777709074053496
134.12835252387526 7.110184406942708
132.06720857327662 9.613412315880106
130.00606462267797 9.228620428859886
127.94492067207933 12.470146855339793
125.88377672148069 12.384903383825378
123.82263277088205 15.176462289972834
121.7614888202834 15.641709755458946
119.70034486968477 17.535890670456094
117.63920091908612 17.934448703780653
115.57805696848749 19.969850861772468
113.51691301788885 17.586777007069877
111.45576906729019 21.070446290179365
109.39462511669156 20.07308780623992
107.33348116609291 23.52521289042202
105.27233721549428 22.164737800482527
103.21119326489564 22.69976357431638
101.150049314297 26.47340298345288
99.08890536369836 23.944789496684066
97.0277614130997 26.443132126259478
94.96661746250106 27.207571238817373
92.90547351190243 21.045679732918973
90.84432956130378 27.35744117354658
88.78318561070515 23.92306698610325
86.7220416601065 24.244278463922328
84.66089770950786 27.276435310580844
82.59975375890922 28.665446157858106
80.53860980831058 24.978963710895517
78.47746585771195 27.824887572883803
76.4163219071133 31.219421039035165
74.35517795651465 28.970838624478578
72.294034005916 36.286250710671425
70.23289005531737 32.500580532735555
68.17174610471874 31.612779979789956
66.11060215412009 33.739561177775236
64.04945820352145 37.515628188512345
61.988314252922805 43.36681538141147
59.92717030232417 38.17224329937079
57.86602635172553 41.539501087643586
55.80488240112689 47.04857539183214
53.74373845052825 44.272379946426135
51.68259449992961 45.536989535117286
49.621450549330966 48.13866154701391
47.56030659873233 48.77930990166635
45.499162648133684 50.18062935116649
43.43801869753504 57.08093876168044
41.3768747469364 53.80818357826142
39.31573079633776 54.59774770451637
37.25458684573912 57.221453492301116
35.19344289514048 60.573704927190846
33.132298944541844 58.50328417866451
31.071154993943196 62.102328058641454
29.01001104334456 68.288762722164
26.948867092745918 69.69775399317525
24.887723142147276 74.48920569671037
22.82657919154864 79.518336328009
20.765435240949998 79.18743207884883
18.704291290351357 81.79801237622333
16.643147339752716 87.97687993089343
14.582003389154076 87.13662691327862
12.520859438555435 83.11163589971318
10.459715487956794 86.08913590938592
8.398571537358151 88.19806745189273
6.337427586759511 91.3548760755625
4.276283636160871 88.34029301472492
2.2151396855622303 99.20598249401318
0.15399573496358945 88.68776462266194
-1.9071482156350512 60.122862793458104
-3.968292166233692 44.52483297395816
-6.029436116832333 37.671668422764995
-8.090580067430974 40.20153782431429
-10.151724018029615 35.13423340023531
-12.212867968628256 34.521771363689766
-14.274011919226895 31.20870215737457
-16.335155869825535 36.6591967873741
-18.39629982042418 33.561728247240126
-20.457443771022817 33.330259781922706
-22.518587721621458 34.86403427431316
-24.5797316722201 34.4243972738293
-26.640875622818744 33.379692590853885
-28.702019573417385 35.10621063221066
-30.763163524016026 30.805626179192032
-32.82430747461467 32.658897069498394
-34.88545142521331 29.524710928762083
-36.946595375811945 22.31361875071059
-39.00773932641059 25.41986517838312
-41.06888327700923 17.216054606558902
-43.13002722760787 16.59735086890703
-45.19117117820651 14.5173360024601
-47.25231512880515 11.859731999301802
-49.313459079403785 11.665934805585156
-51.37460303000243 10.998529688564833
-53.435746980601074 11.419402394988477
-55.496890931199715 12.91833325434149
-57.558034881798356 9.854631704426847
-59.619178832397 3.878049157958834
-61.68032278299564 9.208117509821072
-63.74146673359427 11.946130897194248
-65.80261068419291 8.433293089639104
-67.86375463479156 9.80898939341906
-69.9248985853902 6.59415358567455
-71.98604253598883 5.483368968413364
-74.04718648658748 8.213045592834899
-76.10833043718611 7.287240702962463
-78.16947438778476 9.929366862102487
-80.23061833838341 8.90405623722762
-82.29176228898206 12.224402982143523
-84.35290623958069 11.67464065983662
-86.41405019017932 7.8639655089891685
-88.47519414077797 10.912356506771461
-90.5363380913766 8.148343784214687
-92.59748204197525 12.950853154801207
-94.65862599257389 8.300522290899584
-96.71976994317254 10.96373866200531
-98.78091389377117 9.542080718944488
-100.8420578443698 12.653832938636091
-102.90320179496844 9.317732317053737
-104.96434574556707 11.252863593907904
-107.02548969616572 9.958578029067244
-109.08663364676435 8.753514481971441
-111.147777597363 10.227610176883498
-113.20892154796164 7.814492649285043
-115.27006549856029 10.746536994622108
-117.33120944915892 10.10891623239007
-119.39235339975755 13.587747498591614
-121.45349735035622 15.142378294411424
-123.51464130095485 11.508977607341489
-125.5757852515535 12.728634096608594
-127.63692920215213 11.292674140708248
-129.69807315275077 9.805366771538807
-131.7592171033494 8.693577532237558
-133.82036105394806 10.56180793251633
-135.88150500454668 10.470817539697013
-137.94264895514533 8.403305263828878
-140.00379290574398 12.238620932267082
-142.06493685634263 9.372684334719759
-144.12608080694127 12.10865375162534
-146.1872247575399 16.268377950218344
-148.24836870813854 9.608525058722847
-150.30951265873716 9.376434934250367
-152.37065660933584 11.440299970358927
-154.43180055993446 10.88045371867552
-156.4929445105331 9.727126125735557
-158.55408846113173 8.523207489702239
-160.61523241173037 12.560261829286768
-162.67637636232902 12.302684731758172
-164.73752031292767 12.085385551077723
-166.7986642635263 7.43114191007893
-168.85980821412494 8.803987516293923
-170.9209521647236 11.460055271847946
-172.98209611532224 13.105811194579077
-175.04324006592086 12.377707123033465
-177.1043840165195 8.392671000343498
-179.16552796711815 11.908441127462453
-181.2266719177168 15.42667171638786
-183.28781586831545 10.921187813619541
-185.34895981891407 14.06811550694025
-187.41010376951272 10.920575724211078
-189.47124772011134 7.004104144608092
-191.53239167071 13.40354407063989
-193.59353562130863 9.019939994774914
-195.65467957190728 10.161417926623034
-197.7158235225059 9.80652512014736
-199.77696747310458 10.622038920808373
-201.8381114237032 9.576012100561035
-203.89925537430187 10.684732844730409
-205.9603993249005 9.444380909882153
-208.02154327549914 12.285424610494156
-210.08268722609776 10.02805551293176
-212.14383117669644 8.086378065862807
-214.20497512729509 7.72365422280935
-216.2661190778937 12.005457511965613
