# BEGINHEADER
# This file contains data from the SALSA 2m radio telescope.
# DATE=2023-03-31T06:50:0052
# GLON and GLAT given in degrees
# GLON=23.86246509105634
# GLAT=0.11428272067688948
# DATA in two columns below. Col. 1 is velocity relative to LSR [km/s]. Col. 2 is uncalibrated antenna temperature [K].
# ENDHEADER
309.5548279340101 2.58709592594899
307.49368398341153 3.138336710246392
305.4325400328129 4.963407407957761
303.37139608221423 2.627581917363982
301.3102521316156 2.5451350406379927
299.24910818101694 4.646636899889823
297.18796423041834 1.6786260388479817
295.12682027981964 2.741338089297205
293.06567632922105 1.5766732533056247
291.0045323786224 0.9893120561230705
288.94338842802375 6.282620416818508
286.8822444774251 1.9899714866982334
284.82110052682646 0.22801514865882322
282.75995657622786 2.3776447696992786
280.6988126256292 -1.4310524100591036
278.6376686750305 3.588740492996481
276.5765247244319 6.645830529721716
274.5153807738333 0.4739087584174574
272.4542368232347 0.2076532570039129
270.393092872636 3.1388421380472886
268.3319489220373 2.07712024416214
266.27080497143874 -0.3952693200327696
264.20966102084003 1.4672597776611316
262.14851707024144 1.1227937165918962
260.0873731196428 6.272691628171295
258.02622916904414 1.2299132418452705
255.9650852184455 2.1083647819131843
253.90394126784685 3.8479512038784356
251.84279731724823 -0.5485511514078586
249.78165336664958 2.560059361490333
247.72050941605096 2.603446752510095
245.65936546545228 2.7080635502362433
243.59822151485366 1.8452347098559267
241.53707756425501 1.9293273823496628
239.4759336136564 0.40321373325708393
237.41478966305775 -1.3166965699966366
235.3536457124591 3.9781848902410832
233.29250176186045 0.46601028336863376
231.23135781126183 1.229673950537392
229.17021386066318 -0.007557211322220312
227.1090699100645 1.7791111649265532
225.04792595946589 -0.43636426664734035
222.98678200886724 3.1397271341211317
220.92563805826862 2.0341837962487914
218.86449410766997 0.7984870580811408
216.80335015707132 5.630090739615165
214.74220620647267 2.613099347404028
212.68106225587405 1.0558203780840472
210.6199183052754 1.8650794785710396
208.55877435467679 3.620006730443999
206.4976304040781 1.8552362449650261
204.4364864534795 3.6000951372211807
202.37534250288084 0.8299727421062755
200.31419855228222 6.324240508747614
198.25305460168354 2.495865493085402
196.19191065108492 1.3329803075524533
194.13076670048628 4.621346407550746
192.06962274988766 1.1202104611354855
190.008478799289 5.408579296714735
187.94733484869033 5.630882800598673
185.8861908980917 -1.4269442681233644
183.82504694749306 2.5805307063426515
181.76390299689444 1.955554763981181
179.7027590462958 2.1059151087334174
177.64161509569715 5.10662395942475
175.5804711450985 6.456477327600519
173.51932719449988 3.2953260969235587
171.45818324390123 1.0795325271244227
169.3970392933026 1.6862037860323573
167.33589534270394 3.4201581354960497
165.27475139210532 5.047341600055585
163.21360744150667 3.0018141442586113
161.15246349090805 5.158974331683084
159.09131954030937 1.6548799595776127
157.03017558971075 2.356874263407676
154.9690316391121 2.302816031383448
152.90788768851348 5.74204770142303
150.84674373791484 0.24775270517435827
148.78559978731616 4.061565845733059
146.72445583671754 1.9529271876475027
144.6633118861189 -0.5878464401464012
142.60216793552027 2.5784263854999323
140.54102398492162 6.552312120682692
138.47988003432297 9.299330790043463
136.41873608372433 5.581217753204876
134.3575921331257 6.024710766702129
132.29644818252706 8.126741370896289
130.2353042319284 10.09306593037003
128.1741602813298 9.236524550505044
126.11301633073113 8.855152072031917
124.0518723801325 12.470397908811687
121.99072842953385 11.014919188221189
119.92958447893521 13.104477351820929
117.86844052833656 17.448672593149894
115.80729657773793 20.037478930597775
113.7461526271393 22.989028324644373
111.68500867654065 24.294544380318015
109.62386472594201 22.955865118540718
107.56272077534337 28.40937912952312
105.50157682474473 33.557863011448376
103.44043287414608 31.707529738950168
101.37928892354745 33.25566677662403
99.31814497294882 31.82131304140212
97.25700102235018 33.798061542397754
95.19585707175153 34.56777882026852
93.1347131211529 35.09740620445306
91.07356917055425 39.12784047311231
89.0124252199556 31.912796535235582
86.95128126935697 39.562102080942495
84.89013731875832 33.05183502423547
82.82899336815969 30.17213114482697
80.76784941756104 35.3674130207639
78.7067054669624 31.70012944857845
76.64556151636377 31.987643882337753
74.58441756576512 32.38801660921955
72.52327361516649 33.49875968568316
70.46212966456784 37.51728017996907
68.4009857139692 34.14906720157473
66.33984176337056 38.03070370661581
64.27869781277192 39.631230216890934
62.217553862173276 39.25838370576587
60.156409911574634 45.5987357804354
58.095265960976 47.68755484125051
56.03412201037736 41.04082134888709
53.97297805977872 49.111040629648976
51.91183410918008 47.850625494950755
49.850690158581436 47.53178783032201
47.789546207982795 49.54091991486533
45.728402257384154 48.47571690287302
43.66725830678551 53.5015817403927
41.606114356186865 56.489452834709034
39.544970405588224 53.835427843012646
37.48382645498958 54.28673017146316
35.42268250439094 54.47767224048048
33.36153855379231 50.65527657351236
31.300394603193666 52.99218746113887
29.239250652595025 55.08775638623646
27.17810670199638 54.460460923519975
25.11696275139774 64.77061398787107
23.055818800799102 65.38442638143061
20.99467485020046 69.18101555386629
18.933530899601816 74.7675159495004
16.87238694900318 76.19506138458557
14.811242998404538 77.34108615940352
12.750099047805897 79.78208624602821
10.688955097207257 79.73738729044531
8.627811146608616 84.47157040163472
6.566667196009976 87.91154757198473
4.505523245411334 87.98734129074668
2.4443792948126934 98.5911992073178
0.3832353442140528 84.54135611459454
-1.677908606384588 56.70621526847243
-3.739052556983229 38.85350868343137
-5.8001965075818696 35.092333952446005
-7.86134045818051 33.133079830436415
-9.92248440877915 30.157529472988227
-11.983628359377791 29.258032947377593
-14.044772309976434 27.967950868951103
-16.105916260575075 30.037212312433233
-18.167060211173713 29.66935679570287
-20.228204161772357 25.335485327458343
-22.289348112370998 28.182753318763414
-24.350492062969636 24.984599931668086
-26.411636013568277 27.46532477876156
-28.472779964166918 30.445673550170536
-30.533923914765563 30.38523321563235
-32.5950678653642 35.22472737757039
-34.65621181596284 37.20252892060792
-36.71735576656148 28.752703032677335
-38.77849971716012 23.905856121580086
-40.839643667758764 22.151429695485692
-42.900787618357406 18.95353915578589
-44.96193156895605 15.201736761813322
-47.02307551955469 13.598805484062924
-49.08421947015332 15.026429863672762
-51.14536342075196 9.716453405741966
-53.2065073713506 9.992502630096466
-55.267651321949245 12.078549397284192
-57.328795272547886 9.848499939290594
-59.38993922314653 11.210107218938177
-61.45108317374517 6.894714690568475
-63.51222712434381 8.208261039097003
-65.57337107494246 7.875575885013872
-67.63451502554109 7.373493953491786
-69.69565897613974 7.2318529803065665
-71.75680292673837 7.918844622744085
-73.81794687733701 7.521322825999994
-75.87909082793566 10.012550332286313
-77.94023477853429 9.959876423214986
-80.00137872913294 10.867203506823406
-82.06252267973157 7.440532145259229
-84.12366663033022 7.764201011340563
-86.18481058092885 8.148105478611377
-88.24595453152749 7.735137074062779
-90.30709848212614 11.530741895878048
-92.36824243272477 8.739134997564994
-94.42938638332342 6.5184822122756
-96.49053033392205 11.010521522192604
-98.5516742845207 7.960482670881269
-100.61281823511935 10.172743012379895
-102.673962185718 10.30093066137347
-104.73510613631665 7.282719097195072
-106.79625008691528 7.80714636514862
-108.85739403751391 10.19401787115881
-110.91853798811256 7.91645592366807
-112.9796819387112 9.35893995822845
-115.04082588930984 6.798693998149535
-117.10196983990848 9.268659092060991
-119.16311379050713 9.891837652553285
-121.22425774110576 7.2870928620802875
-123.2854016917044 8.67724577000457
-125.34654564230304 8.47021488252532
-127.40768959290168 11.729562127213564
-129.46883354350032 7.095301197212219
-131.52997749409897 8.82817114238409
-133.59112144469762 9.013112906453168
-135.65226539529624 6.663878672659499
-137.7134093458949 7.804741385734185
-139.7745532964935 6.487912842155671
-141.83569724709218 6.247188622063839
-143.8968411976908 9.751888040658004
-145.95798514828945 11.754090560585668
-148.01912909888807 8.491784150345659
-150.08027304948672 9.782098531903141
-152.14141700008537 9.610575633520677
-154.20256095068402 11.294801569674567
-156.26370490128264 6.531704104206539
-158.32484885188128 10.977114185276694
-160.38599280247996 10.065317193357126
-162.44713675307858 8.386934133800775
-164.50828070367723 9.404039195100163
-166.56942465427585 10.883740466253052
-168.6305686048745 11.42533648862152
-170.69171255547315 8.618239002862124
-172.7528565060718 10.747640108280352
-174.8140004566704 9.40848096695225
-176.87514440726906 10.428417011471442
-178.93628835786768 11.288357435129122
-180.99743230846636 10.858337148273275
-183.05857625906498 10.125315861547973
-185.11972020966363 9.349630416485878
-187.18086416026225 9.589419596308968
-189.24200811086092 14.133800574304498
-191.30315206145954 10.19870575176407
-193.3642960120582 11.039564394377825
-195.4254399626568 9.434689414813734
-197.48658391325546 9.815517566995174
-199.54772786385413 10.210958895456969
-201.60887181445275 10.6409787251937
-203.6700157650514 5.762915219925284
-205.73115971565002 8.33390430317279
-207.79230366624867 9.940756819634123
-209.85344761684732 7.160260358439516
-211.91459156744597 8.557505343808094
-213.9757355180446 3.373291053568262
-216.03687946864324 3.5043290897555126
