# BEGINHEADER
# This file contains data from the SALSA 2m radio telescope.
# DATE=2023-03-31T06:56:0049
# GLON and GLAT given in degrees
# GLON=26.85522923071469
# GLAT=0.29031299608270145
# DATA in two columns below. Col. 1 is velocity relative to LSR [km/s]. Col. 2 is uncalibrated antenna temperature [K].
# ENDHEADER
309.6766952141621 3.3714465729012875
307.6155512635635 5.277859827197655
305.55440731296477 1.8950797693673935
303.4932633623662 2.3263814077599085
301.43211941176753 1.1516978337650299
299.37097546116894 2.592596792140875
297.30983151057023 1.573007147567982
295.2486875599716 2.4476999821260046
293.187543609373 1.7576421442831314
291.12639965877435 -1.0852272177353008
289.0652557081757 -1.4930280910316651
287.00411175757705 1.4306658056040975
284.9429678069784 -0.6740818467955996
282.8818238563798 0.6347214900512136
280.8206799057811 -4.160624719817768
278.7595359551825 -2.2150501019860975
276.69839200458387 1.7608821362741012
274.63724805398516 -2.7431887511752673
272.57610410338657 -1.481697755479335
270.5149601527879 1.4535814810038203
268.4538162021893 0.7864276419587001
266.3926722515906 2.8266325282722042
264.331528300992 -0.0073111330699229355
262.2703843503934 3.014398095069034
260.20924039979474 1.1146837313090152
258.1480964491961 2.0330075936753604
256.08695249859744 -1.2070234772639266
254.0258085479988 0.7361029561432549
251.96466459740014 1.51187552805046
249.90352064680152 1.693206026744286
247.84237669620288 0.8130964752010006
245.78123274560426 0.9982879839866919
243.72008879500558 -0.03748483458317931
241.65894484440696 0.8040694079022508
239.5978008938083 0.03203669943427064
237.53665694320966 -0.9010819399285018
235.47551299261104 0.14826174931064523
233.41436904201237 -0.2234013102358798
231.35322509141375 0.3379474457778076
229.2920811408151 -1.6595248151715827
227.23093719021648 4.202065085374051
225.16979323961783 5.149586191971903
223.10864928901918 -0.4157954676264295
221.04750533842054 1.1609787322838623
218.98636138782192 0.06830679474066916
216.92521743722327 0.07286957205795393
214.86407348662462 3.457464657583007
212.80292953602597 0.22815940437150908
210.74178558542735 -0.003151389086768286
208.6806416348287 0.8896504977897656
206.61949768423008 0.9786116304598512
204.5583537336314 2.5915399713097638
202.4972097830328 4.311189168797606
200.43606583243414 -1.8581620016092804
198.3749218818355 2.076013593294671
196.31377793123687 0.6233788982130309
194.2526339806382 -0.8210526786288819
192.19149003003957 1.5316578055788654
190.13034607944093 -0.11480426885145027
188.0692021288423 -1.4038605588645383
186.00805817824363 0.4060695881300513
183.946914227645 0.554872074211887
181.88577027704636 -0.12803500635008463
179.82462632644774 0.41817004590729995
177.7634823758491 -2.205433168625361
175.70233842525045 -0.05181287370830848
173.6411944746518 2.1313424131948517
171.58005052405318 -0.20669655776740287
169.51890657345453 1.4228774083050049
167.4577626228559 0.28149230892587435
165.39661867225723 -0.28791767454714634
163.3354747216586 1.9463346155658117
161.27433077105997 -1.312719498915569
159.21318682046132 0.6672007883849015
157.15204286986267 1.1787802929253008
155.09089891926402 2.905788037971371
153.0297549686654 1.1912016541069395
150.96861101806675 1.976382223990671
148.90746706746813 2.0641648206878154
146.84632311686946 1.1719805487335477
144.78517916627084 1.6956769895321064
142.7240352156722 -0.4453708238418191
140.66289126507357 3.736886262763261
138.60174731447492 3.648913347568177
136.54060336387627 0.25388909256326486
134.47945941327762 3.955744130436473
132.418315462679 1.7655812747765256
130.35717151208036 0.6983443681446091
128.2960275614817 3.2014925698480323
126.23488361088307 4.580611367524935
124.17373966028443 4.509151706660838
122.11259570968579 3.334031732014841
120.05145175908714 10.11943592972778
117.99030780848851 10.880504798283932
115.92916385788986 14.707217617001776
113.86801990729123 16.08395385566774
111.8068759566926 16.827607663149408
109.74573200609395 23.628402267801512
107.68458805549531 22.160662168631816
105.62344410489666 28.574026980674223
103.56230015429803 32.78603233333564
101.50115620369937 33.38906537614541
99.44001225310073 36.18436449152452
97.3788683025021 39.297841396113505
95.31772435190345 38.03344970746824
93.25658040130482 38.944005623698196
91.19543645070617 37.903792346556465
89.13429250010753 38.76591115153806
87.0731485495089 35.501248166178975
85.01200459891025 36.009875157292925
82.95086064831162 34.42049032638399
80.88971669771297 33.721251923900546
78.82857274711434 36.018584540120806
76.76742879651569 33.68173763064303
74.70628484591705 34.50196520788778
72.64514089531842 35.622152616424295
70.58399694471977 34.93862891626968
68.52285299412114 40.28592921893354
66.46170904352249 41.2258253157345
64.40056509292386 38.20900217014494
62.33942114232521 39.03203761896972
60.278277191726566 43.97856949293483
58.217133241127925 41.623003639904134
56.155989290529284 45.298668367303954
54.094845339930636 47.36430992220101
52.033701389332 41.51720421065321
49.97255743873336 46.235333046009046
47.91141348813473 45.591776451347435
45.850269537536086 48.656045593069365
43.789125586937445 47.431458534498056
41.727981636338804 53.271713781872215
39.66683768574016 52.04308215649186
37.60569373514152 49.12847422546654
35.54454978454289 50.33433983838335
33.48340583394424 47.806144570465285
31.4222618833456 54.71019824228302
29.361117932746957 58.896583361438715
27.299973982148316 61.21711196630252
25.23883003154968 65.77909707704008
23.177686080951037 69.7225056552725
21.116542130352396 72.29489001474028
19.05539817975375 79.84413640360208
16.994254229155114 80.06737873955979
14.933110278556473 75.14199810518798
12.871966327957832 72.91717490019344
10.81082237735919 73.79098436511231
8.74967842676055 79.9134766211943
6.688534476161908 84.37359014157038
4.627390525563269 87.22195582439893
2.5662465749646275 91.35743365476232
0.5051026243659867 79.60067765771481
-1.556041326232654 56.99634559796419
-3.617185276831295 36.0120702216675
-5.678329227429936 32.39236250341349
-7.739473178028577 26.919893222429504
-9.800617128627218 30.999230698884453
-11.86176107922586 27.165829391685385
-13.922905029824499 27.83469325672557
-15.984048980423138 27.46675349505118
-18.045192931021777 30.399705725815263
-20.10633688162042 28.156989875234473
-22.167480832219063 30.089121584745474
-24.2286247828177 30.6362916238681
-26.28976873341634 28.069057549981657
-28.350912684014986 32.12143324526582
-30.412056634613624 33.01685433863081
-32.47320058521226 31.863586755461622
-34.5343445358109 31.860365514446535
-36.59548848640954 31.56677018215629
-38.656632437008184 30.252721215586043
-40.717776387606825 27.548594174425745
-42.778920338205474 23.45940709096015
-44.840064288804115 21.953075105438774
-46.901208239402756 16.657326504251085
-48.96235219000139 15.191770183455567
-51.02349614060004 12.974042531602109
-53.08464009119868 10.340380370203125
-55.14578404179732 11.121194443328164
-57.20692799239596 8.695515379240257
-59.268071942994595 11.299522641934944
-61.329215893593236 7.395618834670688
-63.390359844191885 5.793523705895476
-65.45150379479053 6.8134611726317456
-67.51264774538916 9.883517116212685
-69.57379169598781 10.690925883441047
-71.63493564658644 6.86512225822719
-73.69607959718509 6.081025285408253
-75.75722354778372 4.643312423414756
-77.81836749838237 8.686086241418337
-79.879511448981 9.76860056508443
-81.94065539957964 7.562739728474685
-84.00179935017829 9.59714183771601
-86.06294330077692 6.093770119297076
-88.12408725137557 2.6029785988829146
-90.1852312019742 6.8245321797404035
-92.24637515257287 8.752741614236957
-94.3075191031715 3.851688990526554
-96.36866305377013 9.46881165008949
-98.42980700436878 7.4949359110375795
-100.49095095496742 8.568754332181712
-102.55209490556607 9.84169007687799
-104.6132388561647 5.5264522491420145
-106.67438280676333 5.760172496374581
-108.73552675736198 3.8707196194189977
-110.79667070796062 6.510984190000002
-112.85781465855926 10.538752769696236
-114.9189586091579 7.793838553897522
-116.98010255975655 5.299858628694393
-119.04124651035518 4.579197263632976
-121.10239046095381 6.861792081324664
-123.16353441155246 6.415159135609911
-125.2246783621511 7.008941949058167
-127.28582231274974 7.992204662711267
-129.34696626334838 4.260129109266846
-131.40811021394703 8.124543149826415
-133.46925416454567 9.623761091617517
-135.53039811514432 6.850481397663579
-137.59154206574294 7.629858304645032
-139.6526860163416 8.721680626743748
-141.7138299669402 6.627706838083604
-143.7749739175389 6.045278386535808
-145.8361178681375 6.570573067743174
-147.89726181873615 6.543860194619236
-149.9584057693348 6.463445763997337
-152.01954971993342 7.261257227720464
-154.0806936705321 7.49103401516914
-156.14183762113072 8.306194152405787
-158.20298157172937 10.003748407282716
-160.264125522328 6.652698049422947
-162.32526947292664 5.49520637713502
-164.38641342352528 9.072896867622719
-166.44755737412393 11.483608395696839
-168.50870132472255 9.423706558393025
-170.5698452753212 9.559072742099575
-172.63098922591985 5.238587134391871
-174.6921331765185 9.025160259443243
-176.75327712711712 5.446711536721033
-178.81442107771576 8.390949499382764
-180.87556502831438 7.562728056670532
-182.93670897891306 7.810745666748987
-184.99785292951168 7.049358372940039
-187.05899688011033 7.45425701095062
-189.12014083070898 9.50917120982193
-191.1812847813076 8.39129167415289
-193.24242873190627 9.151658157827981
-195.3035726825049 9.254878682605867
-197.36471663310354 9.502345968503468
-199.42586058370216 8.048878054614287
-201.48700453430084 8.22935495026242
-203.54814848489946 7.396005490442989
-205.6092924354981 6.1956232846847294
-207.67043638609672 5.497018087986108
-209.73158033669537 6.886574560927496
-211.79272428729402 5.302583017247748
-213.85386823789267 4.1674486471785945
-215.9150121884913 4.6179410883608245
