# BEGINHEADER
# This file contains data from the SALSA 2m radio telescope.
# DATE=2023-03-31T07:02:0018
# GLON and GLAT given in degrees
# GLON=29.87207714807632
# GLAT=0.2611787892070352
# DATA in two columns below. Col. 1 is velocity relative to LSR [km/s]. Col. 2 is uncalibrated antenna temperature [K].
# ENDHEADER
309.66449473293244 3.739988028871762
307.6033507823338 4.285238057095079
305.54220683173514 7.852194953855798
303.4810628811365 4.695663450636333
301.41991893053785 4.129001462368895
299.3587749799392 8.08302108170833
297.29763102934055 4.7336355890134625
295.23648707874196 6.278286578855394
293.1753431281433 5.451644256503793
291.1141991775446 4.170750095886727
289.053055226946 5.7079505555190915
286.99191127634737 0.12294249870831603
284.9307673257488 2.845785495226274
282.86962337515007 0.7113875319302783
280.8084794245514 6.87412277953243
278.74733547395283 3.771130401491966
276.6861915233542 0.6006637281585322
274.62504757275553 6.621002921912407
272.5639036221569 4.9646061332755185
270.50275967155824 2.98684540957932
268.44161572095965 1.9084014491398402
266.38047177036094 4.622943638985474
264.31932781976235 2.1997695507165416
262.2581838691637 2.848322536142084
260.19703991856505 3.4587902463424034
258.1358959679664 4.00243480133783
256.07475201736776 3.184254724537802
254.0136080667691 3.852659897414097
251.9524641161705 5.213737204690469
249.89132016557184 5.871769494605435
247.8301762149732 3.232586178339008
245.76903226437454 2.1410711472484922
243.70788831377592 2.6352095172182812
241.64674436317728 1.5186634882976198
239.58560041257863 2.4818002574332843
237.52445646197998 3.6309087763402785
235.46331251138136 2.943009787671788
233.4021685607827 -0.5155956241814119
231.3410246101841 3.9505294790426304
229.27988065958542 5.18742684705719
227.21873670898677 5.10855474814655
225.15759275838815 2.5090855508042735
223.0964488077895 3.1785642640564706
221.03530485719088 3.757749158683917
218.9741609065922 5.651834398557569
216.91301695599358 3.037252580446059
214.85187300539494 0.5824357651754851
212.79072905479632 2.0544333516898634
210.72958510419767 4.320972962151875
208.66844115359902 4.298367576786541
206.60729720300037 6.515100856696343
204.54615325240175 2.932374184858263
202.4850093018031 2.722474399684515
200.42386535120446 5.805443020870595
198.3627214006058 4.064243935447423
196.3015774500072 3.8335265245114325
194.24043349940854 2.1842991064455783
192.17928954880992 2.068269750265723
190.11814559821124 4.960623360787811
188.0570016476126 3.8092441186672277
185.99585769701397 2.315839155782994
183.93471374641533 5.754948438789039
181.8735697958167 6.181269483560582
179.81242584521803 5.801848744774986
177.7512818946194 2.3060250401069005
175.69013794402076 6.937341523175361
173.62899399342214 4.579699747248096
171.56785004282347 3.6073161487309107
169.50670609222485 7.372767755110118
167.4455621416262 5.216336785942344
165.38441819102758 3.3972920751759874
163.32327424042893 7.426635703062742
161.26213028983028 4.523668075915865
159.20098633923163 2.830608546921074
157.139842388633 3.6416724607619653
155.07869843803437 4.79872211455722
153.01755448743575 3.736225793600559
150.95641053683707 3.941498948858452
148.89526658623842 6.579643320006986
146.8341226356398 3.6849937244215942
144.77297868504115 5.996771032349305
142.7118347344425 4.987331505265733
140.65069078384386 7.3974945508720715
138.58954683324524 1.3820637784204997
136.5284028826466 4.115878212765576
134.46725893204797 4.472624169996255
132.4061149814493 3.7625882223927594
130.34497103085067 9.05604155892111
128.28382708025202 9.639404806122704
126.22268312965339 6.62473205310678
124.16153917905474 8.335924765617387
122.10039522845611 7.835146343464219
120.03925127785746 6.004732980602592
117.97810732725883 13.941322851808222
115.91696337666018 12.01681528093837
113.85581942606154 12.542651490827772
111.79467547546291 17.99966961798858
109.73353152486426 25.902245060954055
107.67238757426563 29.33004004852094
105.61124362366698 31.475465972894725
103.55009967306835 34.48410408521011
101.4889557224697 39.02849974511712
99.42781177187106 37.120765200497225
97.36666782127243 39.703511209175694
95.30552387067378 37.826123307413134
93.24437992007515 41.74762039268983
91.18323596947648 42.360458571233124
89.12209201887785 45.97633706166771
87.0609480682792 43.13596740560284
84.99980411768057 46.38245391852756
82.93866016708193 49.38289225420377
80.87751621648329 44.555350610120534
78.81637226588465 48.37850772423768
76.755228315286 46.92428824600529
74.69408436468737 49.286654192229065
72.63294041408874 48.28747117474063
70.57179646349009 50.095246178732836
68.51065251289145 45.13208109095605
66.4495085622928 45.77279035118413
64.38836461169417 42.6353371475999
62.327220661095524 41.49439014883885
60.26607671049688 47.37792914733647
58.20493275989824 47.146023335817105
56.1437888092996 48.58522875542442
54.08264485870096 46.965429776823164
52.021500908102325 49.40157667242743
49.960356957503684 51.016539168768176
47.89921300690505 54.95058088492509
45.83806905630641 59.21191688419075
43.77692510570776 55.95182265620909
41.71578115510912 59.646571969346766
39.65463720451048 61.024862090409286
37.59349325391184 54.00792018379771
35.5323493033132 54.62319052483918
33.47120535271456 59.10428700141682
31.410061402115918 58.43596081227324
29.348917451517277 64.04998371781242
27.287773500918636 69.41507083683544
25.226629550319995 75.57847393090277
23.165485599721357 77.44553892697206
21.104341649122716 80.47033511372983
19.04319769852407 81.50860067596913
16.982053747925434 81.68751230241813
14.920909797326793 84.12745997378943
12.859765846728152 88.64195999605597
10.79862189612951 89.28576360206662
8.737477945530872 87.61594360907539
6.676333994932229 85.58946467120293
4.6151900443335885 81.84776975967341
2.554046093734948 86.31160924610595
0.49290214313630687 80.69108714714662
-1.568241807462334 51.996153312019345
-3.6293857580609745 36.918317989754726
-5.690529708659616 29.945374336339675
-7.751673659258255 27.551023289942414
-9.812817609856896 25.696533651665117
-11.873961560455538 31.819441505066674
-13.935105511054179 29.092323060944846
-15.996249461652818 30.62699318632817
-18.057393412251457 32.07761875696019
-20.118537362850102 30.80491079223043
-22.179681313448743 28.32765799996569
-24.24082526404738 31.31308475358516
-26.30196921464602 31.859994782921962
-28.363113165244666 34.77596884231985
-30.424257115843307 36.41160462065468
-32.485401066441945 38.68601150264397
-34.546545017040586 34.13641488723221
-36.60768896763923 33.027531017835216
-38.66883291823787 33.53116648707841
-40.72997686883651 32.34011931009843
-42.79112081943515 33.1188148202297
-44.85226477003379 31.933064686103158
-46.91340872063243 25.940774562948725
-48.974552671231066 19.308267279661347
-51.035696621829715 17.08981445509229
-53.09684057242836 18.543988399884782
-55.157984523027004 16.528868826644718
-57.219128473625645 13.11761850764145
-59.28027242422428 10.399407087927907
-61.34141637482292 9.679126324636455
-63.40256032542156 11.701270212722775
-65.46370427602021 9.607930732206393
-67.52484822661884 10.028220152630956
-69.58599217721749 7.384741301935445
-71.64713612781613 9.368870362644781
-73.70828007841477 9.482611458396393
-75.76942402901341 6.06945321968188
-77.83056797961206 6.9109070477587276
-79.89171193021069 9.037318178957157
-81.95285588080932 11.001324540901095
-84.01399983140797 12.530874958451305
-86.0751437820066 8.435230624172766
-88.13628773260525 11.873739496906873
-90.19743168320389 8.688531218452207
-92.25857563380254 9.6241866113896
-94.31971958440117 10.695575361261358
-96.3808635349998 10.617515598930872
-98.44200748559845 11.3993644535708
-100.50315143619709 11.759419944180397
-102.56429538679575 10.612308468138806
-104.62543933739438 8.187928979617856
-106.68658328799303 9.762599465855391
-108.74772723859166 8.640818040326385
-110.8088711891903 8.681711508997958
-112.87001513978895 12.377397181229163
-114.93115909038758 10.145197317609163
-116.99230304098623 9.71846425860794
-119.05344699158486 10.1320974858277
-121.1145909421835 8.59902025452162
-123.17573489278215 10.506925375292823
-125.23687884338078 10.02936630281149
-127.29802279397943 8.13867011123359
-129.35916674457806 10.27087021168014
-131.4203106951767 10.69516051660015
-133.48145464577536 9.629507407034914
-135.54259859637398 9.002196653230621
-137.60374254697263 12.79315843008967
-139.66488649757127 11.734681229749562
-141.72603044816992 9.222222110936498
-143.78717439876854 11.366209866623505
-145.8483183493672 12.75123967499977
-147.90946229996584 7.25591479993464
-149.9706062505645 11.836934152752312
-152.0317502011631 11.839947899240974
-154.09289415176175 10.737353675690743
-156.15403810236037 13.070268423895188
-158.21518205295905 9.12538708880337
-160.2763260035577 7.9577589694260285
-162.33746995415632 11.788503016830482
-164.39861390475497 7.276126675399807
-166.4597578553536 12.233690381930835
-168.52090180595226 13.891243084984911
-170.58204575655088 15.159870455105548
-172.64318970714953 11.67753627464379
-174.70433365774815 10.838286632791617
-176.7654776083468 10.082489983633137
-178.82662155894545 12.444119781973297
-180.8877655095441 12.310747126492757
-182.94890946014272 7.386475634045726
-185.01005341074136 11.57758747884963
-187.07119736134 10.539491145004906
-189.13234131193866 11.912974119034768
-191.19348526253728 10.510683398456104
-193.25462921313593 9.933253314001396
-195.31577316373455 9.206270536823274
-197.37691711433322 11.130357632782728
-199.43806106493187 13.776612242509929
-201.4992050155305 8.933073858367342
-203.56034896612914 9.695791485224738
-205.62149291672776 9.968873906610398
-207.68263686732644 7.555178951837288
-209.74378081792506 9.605734588103143
-211.8049247685237 7.003162547190493
-213.86606871912232 6.355890356519553
-215.927212669721 9.804113364637878
