# BEGINHEADER
# This file contains data from the SALSA 2m radio telescope.
# DATE=2023-03-31T07:10:0041
# GLON and GLAT given in degrees
# GLON=32.86932130865749
# GLAT=0.2739979617036195
# DATA in two columns below. Col. 1 is velocity relative to LSR [km/s]. Col. 2 is uncalibrated antenna temperature [K].
# ENDHEADER
309.5324848905861 4.7159452229186725
307.47134093998744 11.445140641943969
305.4101969893888 6.021216084329151
303.34905303879015 2.378883912441033
301.2879090881915 4.199913702495937
299.22676513759285 4.23375335764509
297.16562118699426 2.798624167332054
295.1044772363956 3.0513403444329055
293.0433332857969 4.183223987524516
290.9821893351983 5.266875131743047
288.92104538459967 4.547793559623259
286.8599014340011 3.4619443308486764
284.79875748340237 1.9675941285460885
282.7376135328037 3.9082221544576257
280.67646958220513 2.7256900405892375
278.6153256316065 -0.2645828969409221
276.5541816810078 -0.4355143151308032
274.4930377304092 -1.8852957233907153
272.43189377981054 6.8266108326970505
270.37074982921195 1.4292728161278958
268.30960587861324 -0.540318733646024
266.2484619280146 2.011978526180103
264.187317977416 -0.2677830952735084
262.1261740268173 3.0353690002993985
260.0650300762187 0.7056406226888828
258.00388612562006 -3.1510867193020693
255.9427421750214 1.8057046495339155
253.8815982244228 -0.3836909736630429
251.8204542738241 2.3274565969268166
249.7593103232255 -1.13742178541114
247.69816637262684 0.7704293678968549
245.63702242202822 -1.224836909339926
243.57587847142958 4.023953208795557
241.51473452083093 0.45972767702689393
239.45359057023228 0.2451301558739992
237.39244661963366 3.091379794895181
235.331302669035 1.7465718382037714
233.27015871843636 5.0235965137916105
231.20901476783771 -0.43954186900009007
229.14787081723907 3.1103224443595896
227.08672686664045 5.743323050526068
225.0255829160418 4.980461269439514
222.96443896544315 3.6720127400309046
220.9032950148445 3.527420646129566
218.84215106424588 3.7326368388316387
216.78100711364723 2.6463807174133778
214.71986316304861 2.021077496944694
212.65871921244994 3.9415640354056394
210.59757526185132 4.198326468929106
208.53643131125267 3.056239101694768
206.47528736065405 0.9298650165944856
204.4141434100554 0.3983675675722316
202.35299945945675 2.307349950498291
200.2918555088581 0.9965373863276389
198.2307115582595 2.813026899994834
196.16956760766084 2.397481136600102
194.1084236570622 3.0951471986226777
192.04727970646354 1.600467938193235
189.9861357558649 2.521695289301994
187.92499180526627 1.9522942700955817
185.86384785466763 1.9811691375402685
183.80270390406898 2.6370044753983173
181.74155995347033 -2.2798857262582093
179.6804160028717 2.8231032742820923
177.61927205227306 4.623014051741754
175.55812810167444 4.148606101083145
173.49698415107576 5.800208722604262
171.43584020047714 0.20499493872891922
169.3746962498785 2.812756174330919
167.31355229927988 2.2463580933068314
165.2524083486812 7.24652855725726
163.19126439808258 1.6818754394364024
161.13012044748393 6.205532994133543
159.0689764968853 5.459715318781077
157.00783254628666 0.9369406432913358
154.94668859568802 1.9230346097173066
152.88554464508937 3.1200642941119416
150.82440069449072 0.510887518755901
148.7632567438921 2.769210771308924
146.70211279329345 0.4964315456823204
144.6409688426948 3.9457072195005525
142.57982489209616 6.190254257436105
140.51868094149754 4.986209760073528
138.4575369908989 6.418214700787904
136.39639304030024 2.171752729080124
134.3352490897016 3.846646406367506
132.27410513910297 3.7323555771591863
130.21296118850432 3.3580188042379056
128.15181723790568 8.416939929261702
126.09067328730704 7.321907768544256
124.02952933670839 4.960893797316435
121.96838538610976 6.364872692603601
119.90724143551112 8.511562256599436
117.84609748491248 6.742487565694689
115.78495353431384 10.705058826235227
113.7238095837152 10.33265030544556
111.66266563311656 15.961209479720209
109.60152168251791 13.380975522381025
107.54037773191928 19.591000961474098
105.47923378132064 22.66906427062648
103.418089830722 25.64400504814296
101.35694588012336 31.64534328711504
99.29580192952471 34.511344413327095
97.23465797892608 33.625359631085324
95.17351402832743 40.57074369861873
93.11237007772878 41.28725192618411
91.05122612713015 40.907433615511046
88.9900821765315 39.756636011972425
86.92893822593287 43.67349151502709
84.86779427533422 43.55035919711817
82.80665032473559 42.72785381373064
80.74550637413694 42.758295920497055
78.6843624235383 46.41851499954947
76.62321847293967 45.291415897585196
74.56207452234102 42.949129928067094
72.50093057174239 43.676203458116305
70.43978662114374 42.56476667887039
68.3786426705451 43.16134928712191
66.31749871994647 40.48152644459731
64.25635476934782 40.671994973077155
62.195210818749175 44.0412063105279
60.13406686815053 45.63166869891014
58.0729229175519 51.52225964863638
56.01177896695326 57.19262576983074
53.95063501635462 55.94302115564742
51.889491065755976 57.63151161206913
49.828347115157335 65.92869344984493
47.767203164558694 63.23353917680679
45.70605921396005 62.08117868835276
43.644915263361405 65.29158533353058
41.583771312762764 63.87270129969735
39.52262736216412 64.3838206147375
37.46148341156548 61.58243205003675
35.40033946096685 57.437223152567086
33.33919551036821 64.16082964833043
31.278051559769565 63.419617620225495
29.21690760917092 68.65428253850936
27.15576365857228 70.7531704657414
25.094619707973642 74.47619912475096
23.033475757375 77.48749288521148
20.972331806776356 73.42122459601418
18.911187856177715 80.32767415425629
16.850043905579078 81.08577433361015
14.788899954980437 88.48226251592999
12.727756004381796 97.20846887275017
10.666612053783155 91.40487871851116
8.605468103184513 90.4288055374665
6.544324152585873 84.45896990875904
4.483180201987232 79.52211294002589
2.4220362513885916 75.68046721234084
0.3608923007899508 70.61522077486708
-1.7002516498086897 48.10023859981363
-3.7613956004073312 31.92709353687201
-5.822539551005971 28.047886276742144
-7.8836835016046125 23.043365836868723
-9.944827452203254 23.025669768921862
-12.005971402801894 22.57831243840337
-14.067115353400535 26.012842138342233
-16.128259303999176 23.33319275667137
-18.189403254597817 28.719998460380037
-20.250547205196458 31.742581592530676
-22.3116911557951 29.87931222963782
-24.372835106393737 28.16749562688668
-26.433979056992378 31.70843130794443
-28.495123007591022 30.226108277145375
-30.55626695818966 35.18170796078005
-32.6174109087883 34.32364223034925
-34.67855485938694 31.1443729737005
-36.73969880998558 31.506948694961856
-38.800842760584224 30.69487133339903
-40.861986711182865 31.35909157354243
-42.92313066178151 30.936117626587816
-44.98427461238015 29.86233055852329
-47.04541856297879 28.106669000960203
-49.10656251357742 25.22419566512291
-51.16770646417606 24.875948181373683
-53.228850414774705 18.096967173609666
-55.289994365373346 16.603447093147103
-57.35113831597199 15.45757467593938
-59.41228226657063 13.819170814638621
-61.47342621716927 12.244594177626283
-63.53457016776791 14.031258695096097
-65.59571411836656 10.560232922369323
-67.65685806896519 9.675668374431028
-69.71800201956384 8.987664358611227
-71.77914597016247 8.222113561057448
-73.84028992076111 7.644279086283202
-75.90143387135976 5.463871438357942
-77.96257782195839 9.0840925020796
-80.02372177255704 8.908614953486735
-82.08486572315567 6.010052960646348
-84.14600967375432 9.264424377431256
-86.20715362435296 7.861626907357021
-88.26829757495159 9.062207038314112
-90.32944152555024 5.866510217272529
-92.39058547614887 8.807095417057841
-94.45172942674752 7.6219867779949135
-96.51287337734615 11.353261077556352
-98.5740173279448 8.607050354421839
-100.63516127854345 10.028537832931926
-102.69630522914208 8.459936888480119
-104.75744917974073 9.020314153383074
-106.81859313033937 6.625612614111255
-108.87973708093801 9.804167079144815
-110.94088103153665 12.361399693157333
-113.0020249821353 6.942216730035367
-115.06316893273393 8.756345789381161
-117.12431288333256 5.9576100562060175
-119.18545683393121 11.10672629982883
-121.24660078452985 11.128374919748579
-123.3077447351285 8.521687083186071
-125.36888868572713 11.368628166930009
-127.43003263632576 13.02040339151713
-129.4911765869244 6.544907630845436
-131.55232053752306 9.165846108244358
-133.61346448812168 11.387549112725544
-135.67460843872036 9.99152991792626
-137.73575238931898 9.795743178836618
-139.79689633991762 8.405456616436737
-141.85804029051624 8.85495868200281
-143.9191842411149 10.37234244845183
-145.98032819171354 6.583317377251875
-148.0414721423122 11.513681754089367
-150.1026160929108 10.737300602768519
-152.16376004350946 9.676285371958832
-154.2249039941081 7.291273487674212
-156.28604794470675 9.432187097876195
-158.3471918953054 8.674453986843886
-160.40833584590402 8.700496497385055
-162.46947979650267 13.120278699311243
-164.53062374710132 9.537633240247319
-166.59176769769996 11.646520195186183
-168.65291164829858 7.707007900484567
-170.71405559889723 9.25968544317839
-172.77519954949585 10.058722059498123
-174.83634350009453 8.223955900820055
-176.89748745069315 13.357894428848802
-178.9586314012918 8.676442125802136
-181.01977535189042 9.892038708139044
-183.08091930248906 12.366665483932621
-185.1420632530877 9.996722957396198
-187.20320720368636 7.116872459650124
-189.26435115428498 10.471375443955694
-191.32549510488363 12.660357176866295
-193.38663905548228 5.947781366354895
-195.44778300608093 7.157978986209194
-197.50892695667957 9.321106966937828
-199.5700709072782 6.974497587385174
-201.63121485787684 10.127632080931738
-203.6923588084755 6.683564818081216
-205.75350275907414 9.895252575361692
-207.81464670967276 10.199090953035261
-209.8757906602714 9.922362062525714
-211.93693461087003 8.460145396829121
-213.9980785614687 4.57661034472955
-216.05922251206732 6.909734980166087
