# BEGINHEADER
# This file contains data from the SALSA 2m radio telescope.
# DATE=2023-03-31T07:16:0049
# GLON and GLAT given in degrees
# GLON=35.84082785335397
# GLAT=0.24790370391786573
# DATA in two columns below. Col. 1 is velocity relative to LSR [km/s]. Col. 2 is uncalibrated antenna temperature [K].
# ENDHEADER
309.2793623218904 3.463861041436069
307.21821837129175 3.710794248906849
305.1570744206931 1.5538670265601302
303.0959304700945 4.517972756404735
301.0347865194958 5.478345368668665
298.9736425688972 1.6300106981765665
296.91249861829857 1.1049232010332193
294.8513546676999 2.521169134178906
292.7902107171013 0.49871028752217433
290.7290667665026 1.008817711021038
288.667922815904 1.4320848010390628
286.6067788653054 0.9012272660857773
284.5456349147067 -2.2783724875684954
282.4844909641081 -0.0789729808689354
280.42334701350944 2.6367220939106337
278.3622030629108 0.9700651657461714
276.30105911231215 3.226119399081332
274.2399151617135 0.2896635342391725
272.1787712111149 1.6276733334912614
270.1176272605162 2.2117095661438473
268.05648330991755 -1.4228618105712418
265.99533935931896 2.904150747381663
263.9341954087203 2.845084977155183
261.87305145812167 4.850860798857702
259.811907507523 3.1231996351538633
257.75076355692437 -2.3585839404119158
255.68961960632575 4.114828755334473
253.6284756557271 -1.761947809957095
251.56733170512845 -0.5527920219118884
249.50618775452983 1.9332971018546055
247.44504380393118 0.2995914834741741
245.38389985333254 3.848212676393209
243.3227559027339 -0.17746249557047136
241.26161195213527 1.2377077384860293
239.20046800153662 -1.8785239558826476
237.139324050938 -1.4024325092129442
235.07818010033932 2.8104520580675625
233.01703614974068 2.3997117353160125
230.95589219914206 0.8514354506160728
228.8947482485434 -0.9338614127903828
226.8336042979448 0.4748997596628213
224.7724603473461 -0.6538810399030193
222.7113163967475 1.4856679579057652
220.65017244614884 2.4131260130571905
218.58902849555022 2.543720843100967
216.52788454495155 4.38443883791024
214.46674059435293 2.866807095229068
212.40559664375428 2.943859865045487
210.34445269315566 2.6366630852070876
208.283308742557 4.432737657439315
206.22216479195836 -1.0687131845195381
204.16102084135971 1.3540018153319722
202.0998768907611 3.7769683730671857
200.03873294016245 0.4548777026715037
197.97758898956383 0.6268754323413133
195.91644503896518 2.294795363350006
193.85530108836656 3.707573562342008
191.7941571377679 2.189249012022247
189.73301318716923 5.206067103264703
187.67186923657061 5.853444353192896
185.61072528597197 3.743502960403632
183.54958133537335 1.1703205515794377
181.4884373847747 2.8645872666979444
179.42729343417605 3.8215594028307063
177.3661494835774 1.1943046296454287
175.30500553297878 2.029547212602146
173.24386158238013 1.932195239529949
171.18271763178151 2.7545115401831235
169.12157368118284 4.054211075125612
167.06042973058422 0.7085138973645008
164.99928577998557 3.5812772499434784
162.93814182938695 3.8527313352618737
160.8769978787883 0.9361909716033677
158.81585392818965 2.9597123740861373
156.754709977591 1.6920627318913806
154.69356602699236 2.7988273169811464
152.63242207639374 1.7960306456879243
150.57127812579506 4.720261149171601
148.51013417519644 2.1267882284395334
146.4489902245978 -0.41742319610343104
144.38784627399917 4.8109467409499205
142.32670232340053 5.773963729034435
140.26555837280188 0.5734138249571945
138.20441442220323 2.129672496338763
136.1432704716046 -0.7295502483451282
134.08212652100596 0.7972475782824201
132.02098257040734 5.609396232591573
129.9598386198087 5.696889928348104
127.89869466921003 4.764943576406163
125.8375507186114 1.990630734010557
123.77640676801275 2.9804517552704723
121.71526281741411 5.132077653232439
119.65411886681548 2.8199738921753053
117.59297491621683 0.7930866629393261
115.5318309656182 2.972764042827379
113.47068701501955 8.150645922060916
111.40954306442092 6.220135054846494
109.34839911382227 10.67484856899716
107.28725516322363 6.218297250627725
105.226111212625 12.713851880876184
103.16496726202635 15.844423596900919
101.10382331142772 14.443158256132806
99.04267936082907 19.181697282026416
96.9815354102304 18.417762434980286
94.92039145963177 24.14034285698261
92.85924750903312 28.03063309573509
90.79810355843449 29.27596910026028
88.73695960783584 33.291868936264876
86.67581565723721 35.236295494707434
84.61467170663857 38.0843381473788
82.55352775603993 40.67196720537898
80.49238380544129 42.68086442592635
78.43123985484264 46.37574802022468
76.37009590424401 46.39637807553675
74.30895195364536 41.52715496287521
72.24780800304673 39.92844301860946
70.1866640524481 42.69578152043927
68.12552010184945 41.321120606358726
66.06437615125081 46.00657836122127
64.00323220065216 53.01484215570498
61.94208825005352 54.88777179976823
59.88094429945488 59.67504941900299
57.81980034885624 59.77339410071328
55.7586563982576 64.0517787335851
53.69751244765896 68.49769993327632
51.63636849706032 67.09077951804332
49.57522454646168 63.14880881787184
47.514080595863035 62.96496126859755
45.4529366452644 62.391188669420345
43.39179269466576 65.3286548890129
41.33064874406712 72.81158232356177
39.26950479346848 72.21073265310547
37.20836084286984 75.73522311285296
35.147216892271196 77.06187757839999
33.08607294167256 75.7102031329953
31.024928991073914 79.77389641534188
28.963785040475276 77.80029306415769
26.902641089876635 75.91229660831827
24.84149713927799 75.78297279333499
22.780353188679353 71.97702911854968
20.719209238080712 71.18246378950622
18.65806528748207 76.46824991247736
16.59692133688343 81.54915855977251
14.535777386284789 88.04393033721517
12.474633435686147 86.77784242214993
10.413489485087506 88.07507728327596
8.352345534488867 84.49556563901152
6.291201583890224 82.20606643691228
4.230057633291583 84.15778129281993
2.168913682692943 79.55897195156928
0.10776973209430246 58.48909685272516
-1.9533742185043383 40.27306830959478
-4.014518169102979 29.08736124147272
-6.0756621197016205 21.719450957266105
-8.13680607030026 23.246410482565963
-10.197950020898901 18.981162888081702
-12.259093971497544 17.272734788059292
-14.320237922096181 16.70202099897973
-16.381381872694824 20.47579871639111
-18.44252582329346 22.290772723460837
-20.503669773892103 25.101508392641822
-22.564813724490744 23.228405236598853
-24.62595767508939 25.200733941133052
-26.687101625688026 28.92238285024158
-28.748245576286667 26.06154243525161
-30.809389526885308 27.94034347827366
-32.87053347748395 28.555440955139684
-34.931677428082594 32.0391279404664
-36.99282137868123 33.619826651923134
-39.05396532927987 26.549101471288008
-41.11510927987851 28.93944552258804
-43.17625323047715 30.038807793449013
-45.23739718107579 26.322249210815087
-47.29854113167443 26.663920604130496
-49.35968508227308 30.045431316165544
-51.42082903287172 27.846391253557996
-53.481972983470364 27.926590923253027
-55.543116934069005 25.65048713433009
-57.604260884667646 20.194261595165948
-59.66540483526629 20.366655169321028
-61.72654878586492 18.600200152358322
-63.78769273646356 12.74154419167881
-65.84883668706222 14.591908991447935
-67.90998063766085 9.968073026747481
-69.97112458825949 10.217716004974363
-72.03226853885813 13.151144123964015
-74.09341248945677 7.94663044514073
-76.15455644005542 8.982682213269122
-78.21570039065405 4.734873485114739
-80.2768443412527 5.668538091007279
-82.33798829185133 7.589124387614416
-84.39913224244997 8.526322964361531
-86.46027619304861 8.7426947578597
-88.52142014364725 8.3879113202202
-90.5825640942459 9.546403046498009
-92.64370804484453 7.58597866221228
-94.70485199544316 6.996991011386664
-96.76599594604183 8.212710485861205
-98.82713989664046 6.194707809346952
-100.8882838472391 6.661578923967801
-102.94942779783773 6.3300511516668365
-105.01057174843638 7.684758875193973
-107.07171569903501 7.089043577999846
-109.13285964963366 6.401684279028916
-111.19400360023229 13.89999974182646
-113.25514755083094 9.411166709897254
-115.31629150142957 8.605133768653848
-117.37743545202821 8.310193095287397
-119.43857940262686 8.440308122885117
-121.49972335322549 8.086530246012995
-123.56086730382414 7.515166583564543
-125.62201125442277 8.581884750077258
-127.68315520502142 5.880343854209583
-129.74429915562007 9.271271273270438
-131.80544310621872 10.069998597021417
-133.86658705681734 6.597181811925128
-135.92773100741599 7.521373786757063
-137.9888749580146 9.281376142210698
-140.05001890861328 8.67237862325761
-142.1111628592119 9.63563573037736
-144.17230680981055 8.745027666205667
-146.23345076040917 9.228711337229578
-148.29459471100782 8.191808797124382
-150.35573866160647 8.576444894791193
-152.41688261220511 7.962457848290692
-154.47802656280373 11.148283207144841
-156.53917051340238 7.2208399690277485
-158.60031446400103 6.150709158942893
-160.66145841459968 7.080148839298092
-162.72260236519833 10.602791326498108
-164.78374631579695 10.094894676247584
-166.8448902663956 10.061958547172182
-168.90603421699424 8.966293784119745
-170.9671781675929 9.58972100576273
-173.0283221181915 8.41643075446798
-175.08946606879016 9.97441914058855
-177.15061001938878 8.242096321232458
-179.21175396998746 9.836750028057796
-181.27289792058608 11.371158213356548
-183.33404187118472 10.597908911785614
-185.39518582178334 10.074653565375092
-187.456329772382 11.74474117291923
-189.51747372298064 8.930018323435457
-191.5786176735793 10.440962583020193
-193.63976162417794 8.161719938416226
-195.70090557477656 9.46773540254333
-197.76204952537523 11.449759146931909
-199.82319347597385 8.424607722113185
-201.88433742657253 6.289166928803144
-203.94548137717115 8.297925808078501
-206.0066253277698 9.668900109769735
-208.06776927836842 9.222940436940132
-210.1289132289671 10.481276134292766
-212.1900571795657 9.306893662606189
-214.25120113016436 6.400501731705734
-216.31234508076298 8.530995283813814
