# BEGINHEADER
# This file contains data from the SALSA 2m radio telescope.
# DATE=2023-03-31T07:23:0022
# GLON and GLAT given in degrees
# GLON=38.84354892815253
# GLAT=0.25370204815939684
# DATA in two columns below. Col. 1 is velocity relative to LSR [km/s]. Col. 2 is uncalibrated antenna temperature [K].
# ENDHEADER
308.9047547170193 0.9664204368808151
306.8436107664206 5.3871158152915015
304.78246681582203 5.0383128847873255
302.7213228652233 0.8243772034826929
300.6601789146247 3.0792913449553216
298.5990349640261 0.49934381234677305
296.5378910134274 2.844234298102583
294.4767470628288 -1.777289036194011
292.41560311223014 0.2786097910994878
290.3544591616315 1.1447684561955422
288.29331521103285 3.3124200743448475
286.2321712604342 -2.3834186214598176
284.1710273098356 -1.1718732036995378
282.10988335923696 -2.1947281236812795
280.04873940863826 -0.2378905320667727
277.98759545803966 -1.9886198843302905
275.926451507441 2.1331998213016274
273.86530755684237 3.1584692932840093
271.8041636062437 0.2709723255652152
269.74301965564507 0.9186144739476377
267.6818757050465 0.7610680022511689
265.62073175444783 0.976518967212425
263.5595878038491 -3.6171767428258472
261.49844385325054 0.25544853091842334
259.4372999026519 2.1425075114340038
257.37615595205324 -1.098770364594735
255.3150120014546 1.0813298359931407
253.25386805085597 0.49902071668812364
251.19272410025732 2.889613387022276
249.13158014965867 1.9458589252389027
247.07043619906003 1.4007889628322892
245.0092922484614 0.5816373508006514
242.94814829786276 -1.0075534498576264
240.88700434726414 1.3189526012298607
238.82586039666546 3.386487939182262
236.76471644606684 1.8083436564572295
234.7035724954682 2.2396231287221053
232.64242854486957 0.37249556971317554
230.58128459427093 -0.645497229537719
228.52014064367228 4.349395933144552
226.45899669307363 1.9200507924640446
224.397852742475 0.6155627561154897
222.33670879187636 0.21907689151607812
220.27556484127768 0.1548814962819016
218.21442089067907 0.6776634615073189
216.15327694008042 1.4058501460277892
214.0921329894818 -1.6544197964578764
212.03098903888315 -1.172031149687037
209.9698450882845 2.9197584991418384
207.90870113768585 -0.1773053026449561
205.84755718708723 0.2674645696955838
203.78641323648858 3.200815463051039
201.72526928588996 1.3835939395181185
199.6641253352913 -0.4213660131905806
197.6029813846927 1.6022268953920145
195.54183743409405 3.0275684135944103
193.4806934834954 4.067464105184528
191.41954953289675 -2.0755534188275933
189.35840558229813 1.1791800766004294
187.29726163169948 -0.3384322698765823
185.23611768110086 4.149667588553047
183.1749737305022 5.2732352716234665
181.11382977990354 1.8491288257840026
179.05268582930492 1.5291957112237267
176.99154187870627 2.7243475386203824
174.93039792810765 1.951343651442506
172.86925397750898 1.642081091132085
170.80811002691036 1.5413147566511385
168.7469660763117 3.0827855277811533
166.6858221257131 1.5154257773448545
164.6246781751144 3.770137798884213
162.5635342245158 0.06985486461686068
160.50239027391714 4.487902871874048
158.44124632331852 3.924035517508985
156.38010237271988 0.8172099590708972
154.31895842212123 1.068050527935027
152.25781447152258 3.815693199849204
150.19667052092396 1.4648080933314214
148.1355265703253 0.03852912074195638
146.0743826197267 1.1341008293174581
144.01323866912801 1.9354434290703209
141.95209471852937 -0.44140458181623776
139.89095076793075 2.3144203438519155
137.8298068173321 -0.5092639146207837
135.76866286673345 0.5152669249976721
133.7075189161348 0.21711841257233672
131.64637496553618 0.9509052617452342
129.58523101493753 3.733189506711485
127.5240870643389 5.062401291011445
125.46294311374027 6.197803413766652
123.4017991631416 6.056874769565172
121.34065521254297 2.355174550634281
119.27951126194434 2.4690261990366826
117.21836731134569 6.6285372547552655
115.15722336074705 1.8271110414981657
113.0960794101484 5.255639596951746
111.03493545954977 4.968706293415997
108.97379150895112 3.213011689873193
106.91264755835249 6.019635607100828
104.85150360775386 4.418463181056376
102.79035965715521 5.278646564913571
100.72921570655657 11.21884445140778
98.66807175595793 11.260443268192537
96.60692780535929 11.939470462459495
94.54578385476064 12.632522329723466
92.48463990416201 15.139961922349794
90.42349595356337 21.450197161260213
88.36235200296473 21.52811058228361
86.30120805236609 25.50208089525634
84.24006410176743 33.200016349767694
82.1789201511688 34.61384837990436
80.11777620057015 40.46819093715992
78.05663224997151 41.90428073055244
75.99548829937288 44.572061604199114
73.93434434877423 48.07864667558772
71.8732003981756 55.01815068365349
69.81205644757695 55.63549456675419
67.75091249697832 63.00764229953339
65.68976854637967 60.01487539526745
63.628624595781034 61.68794114668375
61.56748064518239 67.13137584109404
59.50633669458375 63.81289807097933
57.44519274398512 69.50515988625669
55.38404879338647 67.86497710424982
53.32290484278783 67.35820490932942
51.26176089218919 66.90904712017431
49.20061694159054 63.14120599123966
47.139472990991905 61.48170543315665
45.078329040393264 61.15087632846921
43.01718508979462 72.0189408434964
40.95604113919598 80.19322637283918
38.89489718859734 82.7386089536239
36.83375323799869 83.02061643980427
34.77260928740005 85.74515231217165
32.71146533680142 92.13894292011358
30.650321386202776 86.83835653985665
28.589177435604135 82.98536538513328
26.528033485005494 84.33675835876156
24.466889534406853 84.87507095778149
22.405745583808212 72.6164190733356
20.34460163320957 73.56375089025093
18.28345768261093 73.21924496009802
16.22231373201229 75.51165380935693
14.16116978141365 84.55144434966388
12.100025830815008 82.82987191775717
10.038881880216367 83.14921031905031
7.977737929617727 80.46127917479413
5.916593979019087 78.3609238515715
3.8554500284204467 84.11292192125957
1.7943060778218058 67.8973763324578
-0.2668378727768351 52.49160622746402
-2.327981823375476 37.96037395678204
-4.389125773974117 20.78936342217016
-6.450269724572758 22.7352654164715
-8.511413675171399 16.81522925692727
-10.57255762577004 15.800489780191887
-12.63370157636868 17.57378200718613
-14.694845526967322 16.70901857082515
-16.755989477565965 19.13328136032863
-18.817133428164603 21.590089661055
-20.878277378763244 22.692750832330336
-22.939421329361885 24.08382507669623
-25.000565279960522 26.408197574712194
-27.061709230559167 29.657574166710944
-29.122853181157808 32.26093923131741
-31.18399713175645 39.152207447993476
-33.24514108235509 36.50950206275557
-35.306285032953724 41.05440140539819
-37.367428983552365 35.5761066690183
-39.428572934151006 34.960207772896865
-41.489716884749654 35.04673361323732
-43.550860835348296 34.752353062486094
-45.61200478594694 39.87259703343355
-47.67314873654558 32.195152401165636
-49.73429268714421 32.15195065957451
-51.79543663774285 33.59760837044461
-53.85658058834149 32.98418715667717
-55.91772453894013 32.36900688163343
-57.97886848953877 31.747185135608454
-60.04001244013742 24.96498308197554
-62.10115639073606 20.182299639131006
-64.1623003413347 18.84979088596758
-66.22344429193333 13.459053044671425
-68.28458824253197 15.378589585391694
-70.34573219313063 9.749671981076425
-72.40687614372926 11.935209252584261
-74.4680200943279 10.253755300724205
-76.52916404492655 7.484612999234027
-78.59030799552518 6.742673396492861
-80.65145194612383 6.903039163932727
-82.71259589672246 6.494507553292188
-84.77373984732111 8.394100896155015
-86.83488379791974 7.108387950457083
-88.89602774851838 8.707910863817371
-90.95717169911703 12.42508926481088
-93.01831564971566 7.259897839046904
-95.07945960031431 5.782115950816095
-97.14060355091294 9.154827292249967
-99.20174750151159 8.717729475983566
-101.26289145211022 8.391482813266842
-103.32403540270886 7.596196188863082
-105.3851793533075 7.844718458311848
-107.44632330390614 6.971765336688012
-109.5074672545048 8.442553257407916
-111.56861120510344 9.896916656883484
-113.62975515570209 6.341335226535835
-115.69089910630072 10.526726008397313
-117.75204305689935 8.188526902098573
-119.813187007498 7.49870792337208
-121.87433095809664 14.090786979407733
-123.93547490869528 8.995565483806088
-125.99661885929392 8.352371199697885
-128.05776280989255 6.879466477485404
-130.1189067604912 11.748919378336549
-132.18005071108985 9.6286531311467
-134.24119466168847 9.005624099864743
-136.30233861228714 9.581475114554548
-138.36348256288576 10.300307286027438
-140.4246265134844 7.751867453613838
-142.48577046408303 9.44883826624023
-144.54691441468168 9.44625989420609
-146.60805836528033 8.003443333411674
-148.66920231587898 8.128212128728812
-150.7303462664776 8.711100734866092
-152.79149021707624 9.699720734182653
-154.8526341676749 9.05397340956594
-156.91377811827354 6.976559884435211
-158.97492206887216 9.62467637311259
-161.0360660194708 12.877679409007202
-163.09720997006943 10.622930384370234
-165.1583539206681 11.917049726938847
-167.21949787126675 8.186203079506415
-169.28064182186537 7.855937637002944
-171.34178577246402 10.421764227457723
-173.40292972306264 9.440147432702698
-175.46407367366132 11.122562018360789
-177.52521762425994 11.193127294483903
-179.58636157485859 8.767108983420767
-181.6475055254572 10.525329379076323
-183.70864947605585 11.434416635872129
-185.7697934266545 12.330183212090578
-187.83093737725315 7.977984316192724
-189.89208132785177 10.054872804821862
-191.95322527845042 10.849787739566574
-194.01436922904907 8.160353831525107
-196.07551317964771 10.487644641599534
-198.13665713024633 7.133601191751686
-200.197801080845 8.015863225715469
-202.25894503144363 11.165131161091024
-204.32008898204228 7.422921944936484
-206.38123293264096 10.89135562285211
-208.44237688323958 8.0615184211871
-210.50352083383822 8.695067120416326
-212.56466478443684 5.044147168009621
-214.6258087350355 6.978908414754694
-216.68695268563414 5.539344892162113
