# BEGINHEADER
# This file contains data from the SALSA 2m radio telescope.
# DATE=2023-03-31T06:22:0017
# GLON and GLAT given in degrees
# GLON=4.880522488281176
# GLAT=0.3018514327683942
# DATA in two columns below. Col. 1 is velocity relative to LSR [km/s]. Col. 2 is uncalibrated antenna temperature [K].
# ENDHEADER
306.073842464454 2.9557825942943796
304.01269851385536 4.651840770838727
301.9515545632567 4.906125226756833
299.89041061265806 5.234089541690771
297.8292666620594 0.9555102216942893
295.7681227114608 2.1815999183367403
293.70697876086217 0.964554675991651
291.64583481026347 3.1401676781883783
289.5846908596649 2.279386757138507
287.5235469090662 3.856283668522614
285.46240295846764 4.801716476117971
283.40125900786893 -0.5793348511860091
281.3401150572703 4.570538345054172
279.2789711066717 -2.0086101128793294
277.217827156073 0.6405086519959995
275.1566832054744 1.1358223973348374
273.09553925487575 -0.5941201945859638
271.0343953042771 3.2814354852557854
268.97325135367845 -1.682688607204964
266.9121074030798 2.623271959611749
264.8509634524812 2.604262881064101
262.78981950188256 0.40179243630577866
260.7286755512839 -2.474990104175693
258.66753160068527 0.742560371109202
256.6063876500866 2.256752809560495
254.54524369948797 -2.511490928416399
252.48409974888935 1.7112417152933364
250.4229557982907 1.0922016856337353
248.36181184769205 -0.85672970828828
246.3006678970934 0.6801757185795688
244.23952394649478 -0.3738864672167892
242.17837999589614 0.6738000377551246
240.1172360452975 1.0711091148246563
238.05609209469884 -0.3906732373628668
235.9949481441002 -1.0390537422737478
233.93380419350157 1.9614583420870557
231.87266024290292 -0.7505212896259
229.8115162923043 0.04068178161749429
227.75037234170563 0.040438457986965465
225.689228391107 3.004392190023683
223.62808444050836 1.875544124316463
221.56694048990974 0.9720789982485943
219.50579653931106 4.07378513810074
217.44465258871244 4.910775143425581
215.3835086381138 2.3853465538616865
213.32236468751518 1.594014369621912
211.26122073691653 3.893119835425742
209.20007678631788 1.331463129033215
207.13893283571923 -0.5257741856241038
205.0777888851206 0.5809208998748563
203.01664493452196 0.9293817293707527
200.95550098392332 1.878421099358625
198.89435703332467 3.107256525768642
196.83321308272602 4.927337691477214
194.7720691321274 1.6459449258793692
192.71092518152875 2.530744226244954
190.64978123093013 2.0725346209170312
188.58863728033145 0.277986415265505
186.52749332973283 1.160048463527034
184.4663493791342 4.161694220439865
182.40520542853557 1.3104152647370833
180.3440614779369 5.386609401089158
178.28291752733827 1.2095234455164239
176.22177357673962 1.6764292488680788
174.160629626141 0.8352223048934674
172.09948567554235 2.8329431847632818
170.0383417249437 0.6948306001650907
167.97719777434506 0.2981573235794979
165.91605382374644 6.849135985127309
163.8549098731478 1.8918637621743004
161.79376592254914 2.2806900067231948
159.7326219719505 2.112894865187634
157.67147802135185 1.6101255389974332
155.61033407075323 3.1892604511381992
153.54919012015458 2.7280115128021545
151.48804616955593 4.934956036698473
149.42690221895728 4.919941872144816
147.36575826835866 2.6015133336102867
145.30461431776 3.3054218578280845
143.2434703671614 1.1428947853089653
141.18232641656272 2.8563578309824114
139.1211824659641 3.6835405879456005
137.06003851536545 4.952556938501192
134.99889456476683 5.583815051612325
132.93775061416818 4.3724938483146065
130.87660666356953 -0.2307306897062525
128.81546271297088 2.3604739689029683
126.75431876237225 3.5525042336387735
124.6931748117736 5.569975727111934
122.63203086117497 5.354942524910671
120.57088691057633 6.0855548058641435
118.50974295997769 11.10487574925569
116.44859900937905 4.023139523334761
114.3874550587804 1.6493596806666138
112.32631110818177 5.128393732360636
110.26516715758312 2.55257562496276
108.20402320698449 4.648458804855661
106.14287925638584 2.921751786916408
104.08173530578719 4.611833412347575
102.02059135518856 2.395052695613807
99.95944740458991 4.663651746644241
97.89830345399129 4.417885156435628
95.83715950339264 2.5279897017776927
93.77601555279401 1.5682124973116942
91.71487160219536 4.275759768022466
89.65372765159672 5.030343493633094
87.59258370099808 4.743334655449067
85.53143975039944 5.725903763500213
83.47029579980081 7.1948199250482485
81.40915184920216 7.5979143684395405
79.34800789860353 3.1045998858170045
77.28686394800488 5.268215944265831
75.22571999740624 6.919857190561942
73.16457604680761 2.718694132971792
71.10343209620896 4.866544287380516
69.04228814561033 7.791715982723489
66.98114419501167 8.424436826660042
64.92000024441303 5.54560082494523
62.8588562938144 8.025632452839336
60.79771234321576 10.053505051567193
58.736568392617116 6.184909167511124
56.67542444201847 8.952641864152024
54.61428049141983 7.564122700479032
52.55313654082119 10.454389443783635
50.49199259022255 13.499807746994062
48.4308486396239 11.335148342521064
46.36970468902526 11.4354318505091
44.30856073842662 10.829951956568193
42.24741678782798 12.988767587339769
40.186272837229346 11.151624498123303
38.1251288866307 13.0114056042162
36.06398493603206 17.225467539203425
34.002840985433416 19.187212340996904
31.941697034834775 21.258846864671405
29.880553084236137 20.70862192475786
27.819409133637496 30.090901054709107
25.758265183038855 35.63018903256136
23.697121232440214 35.804045613501025
21.635977281841576 42.129166395407886
19.574833331242935 47.15180349209075
17.513689380644294 49.396938936747006
15.452545430045653 50.73184126363291
13.391401479447014 56.19488775766726
11.330257528848371 61.80335134371573
9.26911357824973 62.64062139399051
7.20796962765109 52.74357749803339
5.146825677052449 52.33195266948389
3.0856817264538083 54.79773019311922
1.0245377758551675 61.126785240929344
-1.0366061747434734 52.31326033700229
-3.0977501253421136 47.68351236324182
-5.158894075940754 41.25922403452043
-7.220038026539396 38.06804542452785
-9.281181977138036 38.05240183754163
-11.342325927736677 36.29199441580852
-13.403469878335317 33.41453894771472
-15.464613828933958 30.877661909962697
-17.5257577795326 31.579885938287035
-19.58690173013124 25.692905803137993
-21.64804568072988 24.419171786564103
-23.70918963132852 22.866449221771575
-25.770333581927165 21.16790965630305
-27.831477532525806 18.026597688863514
-29.892621483124447 14.860815443408137
-31.953765433723085 12.788183501060788
-34.014909384321726 11.747345624569858
-36.07605333492037 8.830441114549362
-38.13719728551901 11.632909396012298
-40.198341236117656 11.748567854712013
-42.25948518671629 12.846518569538555
-44.32062913731493 6.287558991352375
-46.38177308791357 5.951478919418244
-48.44291703851221 7.771805278783341
-50.50406098911085 8.052298480399802
-52.56520493970949 10.627985571501904
-54.62634889030813 7.14559850653459
-56.68749284090677 13.385499013524885
-58.74863679150541 5.351646196615378
-60.80978074210405 5.214062137404752
-62.870924692702694 10.029001767273993
-64.93206864330133 7.904607814639987
-66.99321259389997 8.1577198965328
-69.05435654449862 5.931913976324703
-71.11550049509725 7.158401969683864
-73.1766444456959 11.971579853008679
-75.23778839629453 6.428699638732556
-77.29893234689318 8.672149316592556
-79.36007629749182 6.244739656368966
-81.42122024809045 9.636540635144902
-83.4823641986891 7.0443166863432385
-85.54350814928773 9.154760641999228
-87.6046520998864 8.604783429470066
-89.66579605048503 6.3200380367069835
-91.72694000108368 6.97022495399911
-93.78808395168231 9.572462638533565
-95.84922790228094 5.145337149062366
-97.91037185287959 9.885350969615805
-99.97151580347824 11.798791771147716
-102.03265975407687 9.477552104502621
-104.09380370467552 6.5391385969852776
-106.15494765527416 8.253610978312855
-108.2160916058728 7.6326156061483355
-110.27723555647144 9.184072074105417
-112.33837950707009 7.950003513934921
-114.39952345766872 8.600085034547373
-116.46066740826735 6.9261198063325695
-118.521811358866 7.555295192436303
-120.58295530946464 7.8406107099828075
-122.64409926006329 6.214075058355763
-124.70524321066192 4.731838433481332
-126.76638716126058 8.12919060770961
-128.8275311118592 8.044891787380985
-130.88867506245785 8.154194567318802
-132.9498190130565 10.552414992733693
-135.01096296365512 10.920766192928863
-137.07210691425377 8.514090989447677
-139.1332508648524 5.638480667185169
-141.19439481545106 7.454339348425125
-143.25553876604968 9.974186993614186
-145.31668271664833 11.829567570003713
-147.37782666724698 9.506832853073815
-149.43897061784563 6.525303892839525
-151.50011456844427 8.109495202935001
-153.5612585190429 9.369732383088037
-155.62240246964154 6.996058953442013
-157.68354642024016 7.626059379516555
-159.74469037083884 6.868321748562085
-161.80583432143746 6.025918146800726
-163.8669782720361 8.679283371263763
-165.92812222263473 9.240871033167469
-167.9892661732334 10.855184390127022
-170.05041012383202 8.111723437213968
-172.11155407443067 7.982284570180679
-174.1726980250293 7.609698321747466
-176.23384197562794 10.137615263199207
-178.2949859262266 9.217267270050861
-180.35612987682524 6.560120546174241
-182.41727382742386 8.20554647143932
-184.4784177780225 9.004804317670214
-186.53956172862115 10.503973376931796
-188.6007056792198 5.595524270478179
-190.66184962981845 7.6017972274490795
-192.72299358041707 10.021677417177992
-194.78413753101572 8.07207787786127
-196.84528148161434 8.439265616656739
-198.906425432213 6.8666454365261975
-200.96756938281163 3.3723593737477504
-203.02871333341028 7.9418143533575805
-205.0898572840089 10.84143227378404
-207.15100123460758 9.111890866487542
-209.2121451852062 4.9673614034323785
-211.27328913580484 9.866230517883569
-213.33443308640346 8.623242871851833
-215.3955770370021 8.371711272261559
-217.45672098760076 8.046147609007381
-219.5178649381994 5.5183159023724615
