# BEGINHEADER
# This file contains data from the SALSA 2m radio telescope.
# DATE=2023-03-31T07:31:0022
# GLON and GLAT given in degrees
# GLON=41.874124634755894
# GLAT=0.19437574938848168
# DATA in two columns below. Col. 1 is velocity relative to LSR [km/s]. Col. 2 is uncalibrated antenna temperature [K].
# ENDHEADER
308.4010272111578 5.205765196378002
306.33988326055913 3.6982612216759296
304.2787393099605 2.7456532438708123
302.21759535936184 4.841202544885618
300.1564514087632 1.8435170468881363
298.0953074581646 1.0545279718605618
296.0341635075659 2.1086380347482914
293.97301955696724 1.0335208120487325
291.91187560636865 -0.16381648434685586
289.85073165577 1.0991790436806093
287.7895877051713 2.496190777388624
285.7284437545727 2.42904780901397
283.66729980397406 1.9469634627015908
281.60615585337547 -0.9865216464242196
279.54501190277676 -0.22414424856950582
277.4838679521781 0.8648935488275886
275.4227240015795 -0.08175609959157105
273.3615800509809 -4.57329637508425
271.3004361003822 -3.5196992813875823
269.2392921497836 -1.7490345022745315
267.17814819918493 1.1421549419377042
265.11700424858634 1.07085241045059
263.05586029798764 5.496903531704766
260.99471634738904 -0.07896389614366708
258.9335723967904 0.15784016570326198
256.87242844619175 0.9779542673207114
254.8112844955931 -1.3762287736966174
252.75014054499445 -1.0190140518177604
250.6889965943958 -2.0948994043565388
248.62785264379718 2.8447153511779337
246.56670869319854 1.2810597669998336
244.50556474259992 -1.0034888514366391
242.44442079200124 -0.9252108340258244
240.38327684140262 2.1718888780970427
238.32213289080397 0.5363266001361812
236.26098894020535 0.488467689321231
234.19984498960667 -0.03421293377710854
232.13870103900805 3.9025430197114654
230.0775570884094 3.544706185349296
228.0164131378108 -1.7558891706221718
225.95526918721214 1.2255213347339795
223.8941252366135 2.8553325894339237
221.83298128601484 -1.414512719611043
219.7718373354162 0.011095993441677159
217.71069338481757 2.0966689139761794
215.64954943421893 -1.4151974105900578
213.58840548362028 -0.6951136427595423
211.52726153302163 0.8453835988603934
209.466117582423 -1.9992468240874526
207.40497363182436 0.017803386485787824
205.3438296812257 2.3858872829199225
203.28268573062707 3.5289827122069983
201.22154178002845 1.6160695448065003
199.1603978294298 1.7247192564294795
197.09925387883118 2.04601932782788
195.0381099282325 4.175328684567369
192.97696597763388 3.5082865068513005
190.91582202703523 0.03654921704248549
188.8546780764366 0.9845653583810561
186.79353412583797 4.761375595302066
184.73239017523932 2.1719940608013144
182.67124622464067 1.5179750915879195
180.61010227404202 0.9357899952660577
178.5489583234434 0.5473659498461045
176.48781437284472 3.496765894574916
174.4266704222461 5.094886010814443
172.36552647164746 3.1343570993005243
170.30438252104884 2.138021768043498
168.2432385704502 4.298237193577797
166.18209461985154 0.6299798246967709
164.1209506692529 1.1727421523488848
162.05980671865427 -0.6597431619509957
159.99866276805562 5.649339989663516
157.937518817457 0.37230677332343715
155.87637486685833 2.594658944238346
153.8152309162597 2.1075789362613784
151.75408696566106 3.641354915472698
149.69294301506244 1.806979594184132
147.6317990644638 5.623425861462384
145.57065511386514 2.2931182411702555
143.5095111632665 2.430433602673365
141.44836721266785 1.962554929299506
139.38722326206923 0.6235420838077451
137.32607931147055 2.685504740439907
135.26493536087193 4.414117502510238
133.20379141027328 4.999949627090102
131.14264745967466 3.1561350613164803
129.08150350907601 5.023723124634558
127.02035955847738 3.4075871253727015
124.95921560787873 5.824854404236155
122.89807165728008 3.8744612509100285
120.83692770668145 5.072780999111615
118.7757837560828 3.509930631309479
116.71463980548417 3.5872008172364414
114.65349585488552 6.437160058416793
112.59235190428689 6.547578493251201
110.53120795368824 3.691807154597812
108.4700640030896 2.0614252266615067
106.40892005249097 5.4247704494080455
104.34777610189232 4.946763678583714
102.28663215129369 7.997210648575897
100.22548820069504 5.830950898828945
98.16434425009642 4.008140976689924
96.10320029949777 4.085832550542875
94.04205634889914 5.159173853097575
91.98091239830049 11.07913776122529
89.91976844770186 10.600487742686502
87.85862449710321 12.601022906338155
85.79748054650457 15.900965595521482
83.73633659590593 18.234052011393324
81.67519264530728 19.927899127610473
79.61404869470864 26.28775627422559
77.55290474411 30.906296927450512
75.49176079351136 33.55140108264954
73.43061684291271 45.07836297195426
71.36947289231408 50.671680229462275
69.30832894171544 56.436492568839434
67.2471849911168 59.72358626114458
65.18604104051816 69.99688306945953
63.12489708991952 75.59199276865917
61.06375313932088 75.00874533681773
59.00260918872224 79.15627357565346
56.9414652381236 73.6057944409536
54.88032128752495 72.92695821405887
52.81917733692631 72.47993254227994
50.758033386327675 66.47979351072132
48.69688943572903 65.07718183516596
46.635745485130386 65.05397048916318
44.574601534531745 65.05706362907925
42.5134575839331 66.73013584053915
40.45231363333447 75.3034376238998
38.39116968273583 78.23090685242938
36.33002573213718 77.75014205933844
34.26888178153854 85.12465362858829
32.2077378309399 83.90169802636285
30.14659388034126 87.837350001842
28.08544992974262 77.4759783009141
26.02430597914398 80.663857009998
23.96316202854534 81.45907127046607
21.902018077946696 80.6043427646736
19.840874127348055 80.48928947048616
17.779730176749414 74.03963273004995
15.718586226150775 77.9030257982992
13.657442275552134 71.86949344626086
11.596298324953494 78.52857660723788
9.535154374354851 85.91745660258438
7.474010423756212 76.89054080726488
5.412866473157572 78.96311493227742
3.351722522558931 80.28824119070579
1.29057857196029 66.1233715959679
-0.7705653786383507 46.2016175054007
-2.8317093292369915 29.39613483662424
-4.892853279835632 27.92287601878561
-6.953997230434274 22.076906837925517
-9.015141181032915 19.046966365284465
-11.076285131631556 19.76460223941045
-13.137429082230195 20.74027106629286
-15.198573032828838 20.558440942003614
-17.259716983427477 21.78206002867209
-19.32086093402612 19.116698429906133
-21.38200488462476 23.410928098683314
-23.4431488352234 25.123414646864244
-25.504292785822038 21.927795618614446
-27.565436736420683 30.070386872297572
-29.626580687019324 31.039688187423987
-31.68772463761796 35.40404092028979
-33.7488685882166 36.41307408896438
-35.81001253881524 36.975297971358984
-37.871156489413885 36.656674322526136
-39.932300440012526 34.63345309064478
-41.99344439061117 38.25890866588047
-44.05458834120981 32.296875020229116
-46.11573229180845 33.369148234741346
-48.17687624240709 37.01818042011882
-50.238020193005724 34.450444574133826
-52.299164143604365 35.49727428786169
-54.360308094203006 37.128877771699024
-56.42145204480165 33.15529864851669
-58.48259599540029 29.39549751733797
-60.54373994599893 30.035443377402597
-62.60488389659757 25.743392005985047
-64.6660278471962 18.1538040108151
-66.72717179779484 16.704817723631702
-68.78831574839349 14.75799941470725
-70.84945969899213 13.259718783596204
-72.91060364959078 8.453200541438829
-74.97174760018942 6.584836410688687
-77.03289155078807 6.314761022097191
-79.0940355013867 8.841433706137053
-81.15517945198533 10.437902401607975
-83.21632340258398 6.648016794120873
-85.27746735318262 7.493545203167223
-87.33861130378126 9.223135047775601
-89.3997552543799 7.22801158593334
-91.46089920497855 5.918072706037318
-93.52204315557718 6.171667670162223
-95.58318710617581 8.381282434031682
-97.64433105677446 5.694762655289531
-99.70547500737311 7.5759506416395705
-101.76661895797174 6.593639440772725
-103.82776290857039 5.336057120991004
-105.88890685916903 7.058758175138241
-107.95005080976769 7.545250835552973
-110.01119476036632 7.573936401367457
-112.07233871096497 7.169591466790262
-114.1334826615636 9.552412735412695
-116.19462661216224 6.641750478960441
-118.25577056276089 9.91504908038652
-120.31691451335952 8.50279195264511
-122.37805846395817 9.146987507624617
-124.4392024145568 9.945994643064946
-126.50034636515545 10.057608501642424
-128.5614903157541 9.166736857872186
-130.62263426635272 7.586881340390464
-132.68377821695137 5.1796935850441175
-134.74492216755002 5.776979881681166
-136.80606611814866 8.102253546264922
-138.86721006874728 5.983442798695889
-140.92835401934593 8.901535244573184
-142.98949796994455 7.7962403632067945
-145.05064192054323 8.754905929857191
-147.11178587114185 7.675156918705688
-149.1729298217405 6.977579144846721
-151.23407377233912 7.601783186010801
-153.2952177229378 5.634086989766016
-155.3563616735364 8.107818827204495
-157.41750562413506 8.972505600487317
-159.47864957473368 8.262535548705294
-161.53979352533233 9.835218113830187
-163.60093747593098 10.842900211594534
-165.66208142652962 3.990058093399857
-167.72322537712827 11.416507205882539
-169.7843693277269 7.725964413797367
-171.84551327832554 8.635066902889047
-173.9066572289242 11.745788416672546
-175.96780117952284 6.307774687502106
-178.02894513012146 6.062058239476569
-180.0900890807201 8.52515580337112
-182.15123303131875 10.637883631888315
-184.2123769819174 12.127409474755076
-186.27352093251602 12.1160560406439
-188.33466488311467 10.433171109041737
-190.3958088337133 9.504384011343518
-192.45695278431197 11.076863915973467
-194.51809673491059 9.916806517207528
-196.57924068550923 8.134414650350765
-198.64038463610785 8.406472261684925
-200.7015285867065 11.92220104281649
-202.76267253730515 7.278515122701166
-204.8238164879038 5.855491182111522
-206.88496043850245 10.276355778382888
-208.94610438910107 5.721345052953666
-211.00724833969971 10.444917133686028
-213.06839229029836 9.071681920114354
-215.129536240897 3.806154220996903
-217.19068019149563 5.619556874952032
