# BEGINHEADER
# This file contains data from the SALSA 2m radio telescope.
# DATE=2023-03-31T07:37:0039
# GLON and GLAT given in degrees
# GLON=44.87452606983992
# GLAT=0.2475838885759748
# DATA in two columns below. Col. 1 is velocity relative to LSR [km/s]. Col. 2 is uncalibrated antenna temperature [K].
# ENDHEADER
307.7893790715998 1.8948704265027787
305.7282351210012 7.5942008438369655
303.66709117040256 8.17797370651078
301.6059472198039 4.945251434684905
299.54480326920526 3.155736622119572
297.4836593186066 4.008138238570594
295.422515368008 4.2829371589049146
293.3613714174093 8.480530861504644
291.3002274668107 1.119866421968388
289.2390835162121 2.9254048147743945
287.1779395656134 2.2369693808336795
285.1167956150148 2.056238512210417
283.05565166441613 5.532015869789999
280.99450771381754 0.2864817264120667
278.9333637632189 3.3669646664563686
276.8722198126202 3.99056544381409
274.8110758620216 5.056454171612751
272.74993191142295 3.851027828227566
270.68878796082424 1.2200759737827906
268.62764401022565 1.1488693983503147
266.566500059627 2.153824985195316
264.5053561090284 0.01984858551300025
262.4442121584297 1.7493311151331992
260.3830682078311 2.854896471866172
258.32192425723247 2.2233423980693594
256.2607803066338 0.784304409476629
254.19963635603517 3.6924772826653713
252.13849240543652 1.4250875890604293
250.0773484548379 1.4963159494895
248.01620450423925 0.6216275713772358
245.9550605536406 1.6095906387406584
243.89391660304196 3.37147227367472
241.83277265244334 4.205407591279007
239.7716287018447 3.3861339997587145
237.71048475124607 3.0428721773459824
235.6493408006474 2.635881164870577
233.58819685004877 5.201110994022393
231.52705289945013 4.294252118186315
229.46590894885148 0.5818640253912655
227.40476499825283 3.5991850788516517
225.34362104765418 1.2035343694556873
223.28247709705556 2.88222596256337
221.2213331464569 8.161239991363258
219.1601891958583 6.813635964594375
217.09904524525962 3.810867713478998
215.037901294661 4.0138524592494464
212.97675734406235 -0.6260952044560933
210.91561339346373 3.7157794642767854
208.85446944286508 2.379649994217283
206.79332549226643 4.092108525938028
204.73218154166779 0.4276502192066858
202.67103759106917 2.2228547447474543
200.60989364047052 5.718588095841412
198.54874968987187 4.125847055762001
196.48760573927322 4.240661017681538
194.4264617886746 5.06282990455854
192.36531783807595 5.724854365128189
190.3041738874773 3.8393989135108137
188.24302993687866 3.511025752032598
186.18188598628 2.136682350171664
184.1207420356814 3.9913769428980315
182.05959808508274 0.7461901052655435
179.99845413448412 3.5004151197385713
177.93731018388544 1.755308523908283
175.87616623328682 4.721415048492888
173.81502228268818 5.645519905337188
171.75387833208956 6.425006934870805
169.6927343814909 1.7800358836710317
167.63159043089226 0.9976983630156412
165.5704464802936 4.098816765835524
163.509302529695 6.828733049457538
161.44815857909634 1.536309590250723
159.3870146284977 6.313274070945371
157.32587067789905 5.709262501238532
155.26472672730043 0.7103289317968127
153.20358277670178 3.3627403180674977
151.14243882610313 3.2159388256216195
149.08129487550448 2.7249871620386754
147.02015092490583 4.01781881346359
144.95900697430721 5.899384128576075
142.89786302370857 3.9849881910679086
140.83671907310995 3.251711956002082
138.77557512251127 2.664183096195082
136.71443117191265 3.8727012513736967
134.653287221314 3.809014891935714
132.59214327071538 5.793899742544012
130.53099932011673 6.981536554252017
128.4698553695181 5.293338908827923
126.40871141891944 7.545428728682227
124.3475674683208 6.496251439050369
122.28642351772216 9.8331552564549
120.22527956712352 4.097775903183563
118.16413561652487 2.3201352950649166
116.10299166592624 4.63557771871414
114.0418477153276 6.569591461059317
111.98070376472896 3.3925523917169205
109.91955981413032 5.033446404033406
107.85841586353168 6.509113136320634
105.79727191293304 3.610010094154705
103.7361279623344 1.969917383178921
101.67498401173576 4.4524362487863645
99.61384006113713 6.366764646181605
97.55269611053846 6.46893778306831
95.49155215993981 9.411914001940696
93.43040820934118 8.268872874298927
91.36926425874253 6.998794455038526
89.3081203081439 7.561507379159156
87.24697635754525 8.95995743832256
85.18583240694662 14.144778852009718
83.12468845634797 12.736023535348819
81.06354450574933 17.365725022913352
79.0024005551507 19.0272351202733
76.94125660455205 23.796959450492185
74.88011265395342 29.29345181407412
72.81896870335477 39.853659711053474
70.75782475275614 46.99677194829878
68.69668080215749 54.795117253903925
66.63553685155885 62.561292265289225
64.5743929009602 73.9619921110789
62.513248950361564 79.05689358452877
60.45210499976292 81.29769144112723
58.39096104916429 82.06048807035077
56.32981709856565 84.80481194280715
54.26867314796701 85.01031081977145
52.207529197368366 82.32049612296707
50.146385246769725 81.18370169545322
48.085241296171084 72.34945017804348
46.024097345572436 70.33446403599129
43.9629533949738 68.84792532250239
41.90180944437516 71.79927910739197
39.84066549377652 77.22219700889725
37.77952154317788 72.40054171952964
35.71837759257924 75.95493112982271
33.657233641980596 75.52694931091452
31.596089691381955 76.09863733558889
29.534945740783314 83.58653356446942
27.473801790184677 78.36647528368177
25.412657839586036 84.36918348545287
23.351513888987398 82.9113911985142
21.290369938388753 84.09010152750888
19.229225987790116 83.80755874851496
17.168082037191475 78.10486520257616
15.106938086592832 72.84425778721419
13.045794135994193 77.21057949842215
10.984650185395552 81.61067935595014
8.923506234796909 86.59564547944422
6.8623622841982685 78.7283845165131
4.801218333599629 70.46011384402898
2.7400743830009877 79.9773442763728
0.6789304324023471 64.05184946528813
-1.3822135181962938 41.89525003712732
-3.443357468794934 32.72475806223714
-5.504501419393575 22.15885996777194
-7.565645369992217 21.293537851986674
-9.626789320590857 17.722058939548152
-11.687933271189499 18.839808994060117
-13.749077221788138 18.258961178101206
-15.810221172386779 18.853714960838122
-17.87136512298542 19.350491635059488
-19.93250907358406 20.113931141731832
-21.9936530241827 20.404129447515846
-24.05479697478134 24.998081334829855
-26.115940925379988 28.28761157054911
-28.177084875978625 25.627321841528506
-30.238228826577267 28.787583270602102
-32.29937277717591 29.39364030358298
-34.36051672777455 29.601625099986983
-36.42166067837319 37.51403661809868
-38.48280462897183 40.040128468793725
-40.54394857957047 36.02553464042828
-42.60509253016911 36.56032617925078
-44.66623648076775 40.86337738791409
-46.72738043136639 37.95992470444952
-48.78852438196503 37.40896850687961
-50.84966833256368 37.16551034972556
-52.910812283162315 43.91787119601291
-54.971956233760956 41.01776967550369
-57.0331001843596 34.80295244394076
-59.09424413495824 33.151890145366
-61.15538808555688 34.66917468544524
-63.21653203615552 27.91721690154218
-65.27767598675416 22.22626156646203
-67.33881993735281 22.21628817243185
-69.39996388795144 16.666738894603167
-71.46110783855009 18.232286188751328
-73.52225178914873 13.087665831977654
-75.58339573974736 9.947656959673461
-77.64453969034601 13.781586294212651
-79.70568364094464 13.470591374576657
-81.76682759154329 14.435909597431829
-83.82797154214192 7.652908285715615
-85.88911549274056 11.020216698616029
-87.9502594433392 9.694819952283167
-90.01140339393784 8.08270703319452
-92.07254734453649 9.740399071815938
-94.13369129513512 9.691495362461815
-96.19483524573377 8.251816596083358
-98.25597919633242 8.784434219165753
-100.31712314693105 7.888631981991237
-102.37826709752969 9.51430999547918
-104.43941104812833 6.446265927151108
-106.50055499872697 11.503664887012388
-108.5616989493256 10.10933232862065
-110.62284289992425 8.470907496780743
-112.68398685052288 8.625634626095223
-114.74513080112153 6.16877869536643
-116.80627475172017 9.807815765336024
-118.86741870231882 9.183720495275798
-120.92856265291745 8.702964379815935
-122.98970660351608 8.195396754514597
-125.05085055411473 7.084169851350362
-127.11199450471337 9.328684076845514
-129.17313845531203 8.470062007722843
-131.23428240591068 6.424087115971977
-133.2954263565093 7.452054502567672
-135.35657030710794 9.634519691051704
-137.41771425770656 7.483805819323128
-139.4788582083052 10.791254194949829
-141.54000215890386 9.717952109279143
-143.6011461095025 10.902902239110698
-145.66229006010113 11.080755188161975
-147.72343401069978 12.900350356387062
-149.7845779612984 9.523668920248468
-151.84572191189707 9.244109372697809
-153.9068658624957 8.326829096964817
-155.96800981309434 11.409946920460172
-158.029153763693 11.34167637846126
-160.09029771429164 10.858039152474925
-162.15144166489029 11.841472403740369
-164.2125856154889 10.343874578230583
-166.27372956608755 10.53103393898316
-168.33487351668617 12.97598819543461
-170.39601746728485 10.397024903052046
-172.45716141788347 13.605078280903658
-174.51830536848212 11.7645378603648
-176.57944931908074 9.524258109784647
-178.64059326967939 14.138113206423824
-180.70173722027803 11.480186234891592
-182.76288117087668 10.859271311733796
-184.8240251214753 9.799701283149508
-186.88516907207395 8.421564061351312
-188.9463130226726 8.827288693514312
-191.00745697327125 8.27805103375586
-193.06860092386987 10.293249561388025
-195.1297448744685 9.384515700678085
-197.19088882506716 9.230043913822314
-199.2520327756658 7.896889069187096
-201.31317672626446 8.71839485059958
-203.37432067686308 9.30686315198695
-205.43546462746173 8.690893735475639
-207.49660857806035 12.621447429226553
-209.55775252865902 9.794431857710707
-211.61889647925764 8.953452764936289
-213.6800404298563 7.833375028934491
-215.7411843804549 6.876007499402936
-217.80232833105356 7.655831922307706
