# BEGINHEADER
# This file contains data from the SALSA 2m radio telescope.
# DATE=2023-03-31T07:42:0030
# GLON and GLAT given in degrees
# GLON=47.88942901436128
# GLAT=0.21670226511050047
# DATA in two columns below. Col. 1 is velocity relative to LSR [km/s]. Col. 2 is uncalibrated antenna temperature [K].
# ENDHEADER
307.05191421018185 1.9343043593435223
304.99077025958326 8.135313571694038
302.9296263089846 3.881102139798858
300.868482358386 7.435891952930574
298.8073384077873 6.924452903319979
296.74619445718866 3.824419620456877
294.6850505065901 3.146939197973223
292.62390655599137 3.106553237117435
290.5627626053928 6.0457487824496265
288.50161865479413 1.4315294654131199
286.4404747041955 3.6972859251199797
284.37933075359683 2.9099105120751902
282.3181868029982 2.4471925039278815
280.2570428523996 3.480475887858429
278.19589890180094 2.154934888165753
276.13475495120224 2.553485896275979
274.07361100060365 2.9726221313549526
272.012467050005 0.8972011008828856
269.9513230994064 3.1248566849325945
267.8901791488077 4.082181655603079
265.82903519820906 1.9601479015184833
263.76789124761046 4.619826259184651
261.70674729701176 2.9727199492316196
259.64560334641317 2.3468404385346946
257.5844593958145 3.840271445356804
255.52331544521587 -0.8943393281203067
253.46217149461722 4.352464474420073
251.40102754401858 0.5454641403241461
249.33988359341996 1.2954681706936217
247.2787396428213 1.3313001816189711
245.21759569222266 1.234521311570681
243.156451741624 4.3018559705319745
241.0953077910254 0.5320727303520625
239.03416384042674 0.5153370771543754
236.97301988982812 3.4889426158883325
234.91187593922945 2.323379863885471
232.85073198863083 4.3877281484491695
230.78958803803218 4.171686122360588
228.72844408743356 3.0165069207323003
226.6673001368349 0.08995618005727339
224.60615618623623 1.0768074564379606
222.5450122356376 1.0870347759001424
220.48386828503897 2.684772491493526
218.42272433444035 1.9912305565171868
216.3615803838417 2.3103581566282108
214.30043643324305 1.2841376383612482
212.2392924826444 3.980395299139885
210.17814853204578 1.8050819950552153
208.11700458144713 5.480627176877631
206.05586063084849 3.2176005486816788
203.99471668024984 4.835891749348085
201.93357272965122 5.921770679212194
199.87242877905257 1.684211875458667
197.81128482845395 5.809858002296404
195.7501408778553 5.517063288396565
193.68899692725668 5.43874347022036
191.62785297665803 5.194390305850723
189.56670902605939 3.605362103757949
187.50556507546074 0.17409786143417244
185.44442112486212 1.9964742389561227
183.38327717426347 7.7237629700044295
181.32213322366482 4.767867380793786
179.26098927306617 2.8914100133611225
177.19984532246752 2.4655971413042157
175.1387013718689 6.948936764998405
173.07755742127026 2.0176568853839676
171.01641347067164 3.2222048969583383
168.95526952007296 3.4421441478685417
166.89412556947434 6.021054002859931
164.8329816188757 6.215023882557788
162.77183766827707 0.6575336723523546
160.71069371767842 3.9278054121181816
158.64954976707978 4.4188402804567435
156.58840581648113 4.236500364919644
154.5272618658825 5.085725633886332
152.46611791528386 2.9995855096158053
150.4049739646852 5.048629865942694
148.34383001408656 4.562225638860069
146.28268606348794 6.395863090651648
144.2215421128893 5.653224874834748
142.16039816229065 3.0442855007594165
140.099254211692 1.6281474052198386
138.03811026109335 4.165535467896161
135.97696631049473 2.2868655500776742
133.91582235989608 4.45484559584603
131.85467840929746 4.08678082403764
129.79353445869882 2.9515439157798085
127.73239050810017 3.1284466687724257
125.67124655750152 4.4459399151968775
123.61010260690287 4.341418674761956
121.54895865630424 6.686717295402009
119.4878147057056 4.282046496185377
117.42667075510695 5.593978339495869
115.36552680450832 8.3305018960207
113.30438285390967 2.2648385051781794
111.24323890331104 4.514957405982088
109.18209495271239 2.1828284589419837
107.12095100211376 3.9080596757394943
105.05980705151512 5.958555892817573
102.99866310091647 4.3014148710412
100.93751915031784 7.771770745554051
98.87637519971919 5.276261712580397
96.81523124912056 5.042625490273541
94.75408729852191 3.625039700330973
92.69294334792328 5.853033563462483
90.63179939732464 7.898742222611021
88.570655446726 4.72517459518915
86.50951149612735 8.409008700544472
84.4483675455287 10.831423720312307
82.38722359493006 11.113814062506362
80.32607964433141 13.80247424157449
78.26493569373278 17.10506760079759
76.20379174313415 19.23403876530277
74.1426477925355 24.465605383661888
72.08150384193686 33.86546834839982
70.02035989133822 41.110159482422226
67.95921594073958 51.506710390716236
65.89807199014093 57.8066811154196
63.8369280395423 66.95322386336478
61.77578408894366 76.55776906164279
59.71464013834502 83.48301511739668
57.65349618774638 86.82176154903043
55.592352237147736 88.43643105745666
53.531208286549095 90.16924885845786
51.470064335950454 89.03278827219201
49.40892038535181 86.55047020682436
47.34777643475317 84.66799101732032
45.28663248415453 81.2663552130478
43.2254885335559 73.70036264217853
41.164344582957256 72.44531900713436
39.10320063235861 69.59753578265317
37.042056681759966 70.08816767900487
34.980912731161325 63.236133428121605
32.919768780562684 67.1163977895465
30.858624829964047 65.54819278555638
28.797480879365406 74.42911745991634
26.736336928766764 84.66165808769719
24.675192978168127 86.12315742240936
22.614049027569482 89.59672143280979
20.55290507697084 89.95486098939944
18.491761126372204 91.46989915149965
16.430617175773563 84.4146519830625
14.369473225174922 87.04587742248069
12.308329274576277 90.9810614164266
10.247185323977638 92.7133156955276
8.186041373378997 98.50350521603649
6.124897422780356 85.73153854823853
4.063753472181716 78.91841040345423
2.002609521583075 77.56857473811571
-0.05853442901556579 58.98685094785418
-2.1196783796142062 40.5282388126857
-4.180822330212847 28.466062044823264
-6.241966280811488 26.162528344524194
-8.30311023141013 18.14454155730797
-10.36425418200877 19.148265887829098
-12.42539813260741 18.886202040030472
-14.48654208320605 18.722621479240285
-16.54768603380469 21.534770110511612
-18.608829984403332 16.112592786992032
-20.669973935001973 18.22420134313011
-22.73111788560061 17.0254942981745
-24.792261836199255 19.92710855798678
-26.853405786797897 22.677219073101675
-28.914549737396534 23.729991731273365
-30.975693687995175 25.991527010298626
-33.036837638593816 28.663529696120783
-35.09798158919246 30.27102184043832
-37.1591255397911 31.154873745557833
-39.22026949038974 33.90310785668735
-41.28141344098838 34.52418043106679
-43.34255739158702 36.383925361441584
-45.40370134218566 40.52147549986433
-47.464845292784304 38.71248910892952
-49.525989243382945 42.1333633865667
-51.587133193981586 38.14508708653584
-53.64827714458022 38.50337561023871
-55.70942109517886 41.506466968768784
-57.77056504577751 38.427690536008924
-59.83170899637615 32.033601280858626
-61.89285294697479 31.902901879185613
-63.95399689757343 29.435697402606408
-66.01514084817207 25.80933146373575
-68.07628479877071 24.73163373588171
-70.13742874936936 22.891160787737977
-72.198572699968 19.741998032193887
-74.25971665056663 17.920109687239346
-76.32086060116528 14.996390425482252
-78.38200455176391 13.80135916275708
-80.44314850236256 13.287005571257
-82.5042924529612 9.983944546871097
-84.56543640355984 12.112952482560564
-86.62658035415848 12.004402616504327
-88.68772430475711 11.90617482383893
-90.74886825535576 14.013341730270293
-92.8100122059544 10.481383634083214
-94.87115615655304 8.328629956324688
-96.93230010715168 9.779782859825312
-98.99344405775032 9.182986937156643
-101.05458800834896 8.796014208535373
-103.11573195894759 11.209732093243709
-105.17687590954624 9.40225122385283
-107.23801986014489 10.48695578237307
-109.29916381074354 8.652270855841536
-111.36030776134217 9.78808053169016
-113.42145171194082 11.254103856649184
-115.48259566253945 6.939821964843843
-117.54373961313809 10.507034712271407
-119.60488356373673 12.761990643086484
-121.66602751433537 8.343122036210056
-123.72717146493402 8.145901078876582
-125.78831541553265 11.60965563677476
-127.8494593661313 10.758460434831056
-129.91060331672995 10.728530217706776
-131.9717472673286 8.21536557671059
-134.03289121792722 8.334991314809066
-136.09403516852586 10.525912056343813
-138.15517911912448 8.120096238424765
-140.21632306972316 10.147648903652827
-142.27746702032178 6.074646683517349
-144.33861097092043 7.1777317757929975
-146.39975492151905 8.773234446120156
-148.4608988721177 9.7434198555206
-150.52204282271634 9.811152683018793
-152.583186773315 9.950584512576166
-154.6443307239136 9.622792981570482
-156.70547467451226 10.282824772951205
-158.76661862511088 11.141985176415634
-160.82776257570956 11.418234288204212
-162.88890652630818 10.129106344829136
-164.95005047690682 10.56385733836549
-167.01119442750547 14.01337614564871
-169.07233837810412 12.002024929865723
-171.13348232870277 15.188589038050916
-173.1946262793014 12.251138188562237
-175.25577022990004 10.538965641556716
-177.31691418049866 9.706512665997426
-179.37805813109733 13.359642228357671
-181.43920208169595 11.370162352240797
-183.5003460322946 12.24909598233113
-185.56148998289322 11.982216506233534
-187.62263393349187 9.757896143658918
-189.68377788409052 11.393524029206896
-191.74492183468917 11.68927263533006
-193.80606578528779 11.510212608897255
-195.86720973588643 9.743687856348604
-197.92835368648508 11.717903353566093
-199.98949763708373 11.890249262860694
-202.0506415876824 12.009533554391938
-204.11178553828103 9.73867063578983
-206.17292948887967 7.328558766960503
-208.2340734394783 8.281089550244829
-210.29521739007697 10.902640461655343
-212.3563613406756 11.734931002630303
-214.41750529127424 11.24726419523838
-216.47864924187286 6.0254121272010845
-218.5397931924715 5.330740640674952
