# BEGINHEADER
# This file contains data from the SALSA 2m radio telescope.
# DATE=2023-03-31T07:50:0009
# GLON and GLAT given in degrees
# GLON=50.83476682961373
# GLAT=0.16010387322828182
# DATA in two columns below. Col. 1 is velocity relative to LSR [km/s]. Col. 2 is uncalibrated antenna temperature [K].
# ENDHEADER
306.2179351627818 1.8162244384810997
304.1567912121831 3.560718088125048
302.09564726158453 5.5439204005606735
300.0345033109859 4.496197918070365
297.9733593603873 5.244794567242928
295.9122154097886 6.468652536187002
293.85107145918994 5.287972920962471
291.78992750859135 3.5393396763133325
289.72878355799264 3.456197227447563
287.66763960739405 5.398255486825854
285.6064956567954 7.624404875214339
283.54535170619675 4.960555860079786
281.4842077555981 2.509282279185735
279.42306380499946 1.368342280500434
277.36191985440087 0.8567714636418831
275.3007759038022 -0.0441949130740113
273.2396319532035 0.7369851660482996
271.1784880026049 3.7119214854002474
269.1173440520063 1.1760099228931782
267.0562001014076 2.7465440242300576
264.995056150809 0.20368932851817184
262.93391220021033 4.00142957575574
260.8727682496117 2.686377383003204
258.81162429901303 2.282348391161631
256.75048034841444 7.275062517422449
254.6893363978158 0.2090155042170212
252.62819244721712 4.146204728826668
250.5670484966185 2.4368655899874607
248.50590454601985 2.307185774488969
246.44476059542123 3.7648607606735878
244.38361664482258 0.07985188370961976
242.32247269422393 1.320865136652187
240.26132874362528 4.350261405340229
238.20018479302666 3.8750054552624973
236.13904084242802 0.9905915088902957
234.0778968918294 -2.2407434545717435
232.01675294123072 1.431672933649089
229.9556089906321 2.4502392283844894
227.89446504003345 2.129143102553775
225.83332108943483 5.401960816720256
223.77217713883616 1.0045558110158936
221.71103318823754 1.6267559429570775
219.6498892376389 5.43379840805947
217.58874528704024 2.019433519503566
215.52760133644162 1.0034277517681809
213.46645738584294 3.867896119064901
211.40531343524432 2.204200441951692
209.34416948464568 2.225907664825735
207.28302553404706 4.253803433180208
205.2218815834484 1.6332079303675406
203.16073763284976 1.4470619145136863
201.0995936822511 4.81290545308225
199.0384497316525 3.8364017690534595
196.97730578105384 3.731753570603807
194.9161618304552 4.604122935976895
192.85501787985655 0.6822934818733336
190.79387392925793 4.695871631037084
188.73272997865928 3.0698582590110925
186.67158602806066 -0.48896826466782994
184.61044207746198 2.2562739832047147
182.54929812686336 4.0158611106600315
180.48815417626471 0.9840296224377237
178.42701022566607 1.602481908270217
176.36586627506745 1.9398199738909006
174.30472232446877 2.5343843608513485
172.24357837387015 3.5302716652607002
170.1824344232715 1.3690197527945447
168.12129047267288 2.55892268937722
166.06014652207423 2.4166008441996
163.9990025714756 5.005942473500197
161.93785862087694 6.93459294644062
159.87671467027832 3.3722987083629095
157.81557071967967 4.837319158496176
155.75442676908102 4.168031727967632
153.69328281848237 3.003967363023697
151.63213886788375 4.908195660965568
149.5709949172851 2.711405318887207
147.50985096668649 0.1426985404792643
145.4487070160878 4.3070865887229495
143.38756306548916 5.330981477035241
141.32641911489054 3.648976875644932
139.2652751642919 4.374067524948998
137.20413121369327 2.6519494741774787
135.1429872630946 3.760041912865483
133.08184331249598 3.7767233135235694
131.02069936189733 4.464498642044006
128.95955541129868 1.797457557787735
126.89841146070006 6.534744663814809
124.83726751010143 3.826506120177817
122.77612355950276 4.0111010676351295
120.71497960890413 3.1759669157125052
118.65383565830548 4.465709552234256
116.59269170770685 4.98092483690977
114.5315477571082 2.9461462714740185
112.47040380650957 4.923663578041093
110.40925985591093 -0.29835218424030596
108.34811590531228 5.808852487542157
106.28697195471365 5.224866757239965
104.225828004115 6.184805530129631
102.16468405351637 7.208660817053421
100.10354010291772 3.7723013989761554
98.04239615231909 7.602290192072899
95.98125220172045 6.159688934570385
93.9201082511218 7.088304495905901
91.85896430052317 6.779645092912425
89.79782034992452 7.990466265699823
87.73667639932589 8.1222211117976
85.67553244872724 10.40896008154565
83.61438849812859 4.325284686093957
81.55324454752996 8.545146191902896
79.49210059693131 11.073826182423616
77.43095664633267 12.410972485459887
75.36981269573403 18.277856267518462
73.30866874513539 18.487086571907586
71.24752479453674 24.797758715484676
69.18638084393811 29.955088288933446
67.12523689333948 37.9228396851371
65.06409294274083 47.62882537733959
63.002948992142194 59.171644836500164
60.94180504154355 66.6273135611517
58.88066109094491 70.39657680610614
56.81951714034627 76.20794680776926
54.75837318974762 80.39227280783619
52.69722923914898 87.5372784586188
50.63608528855034 86.29781325407062
48.5749413379517 89.52155540665021
46.51379738735306 88.01695344588542
44.45265343675442 84.24712823327657
42.391509486155776 77.29389514901219
40.330365535557135 75.00873990168594
38.2692215849585 72.97744695583924
36.20807763435985 61.61879208166915
34.14693368376121 65.08793721377032
32.08578973316257 62.10030059078062
30.02464578256393 65.73974443406723
27.963501831965292 67.66082692125111
25.90235788136665 75.63010938958912
23.841213930768014 83.23674935535601
21.78006998016937 85.76139573533165
19.71892602957073 83.71574860125804
17.65778207897209 86.60211355287082
15.59663812837345 85.10372438495271
13.535494177774808 93.25909427792041
11.474350227176167 97.37025141828772
9.413206276577524 101.61769881302638
7.352062325978885 104.8608300919867
5.290918375380244 92.26078157769723
3.2297744247816027 78.23020895132919
1.1686304741829623 74.42071883023746
-0.8925134764156786 54.13926548980222
-2.9536574270143197 38.390759080646895
-5.01480137761296 34.28183945056557
-7.075945328211601 23.739041428703022
-9.137089278810242 25.18279991086039
-11.198233229408883 21.622199076317315
-13.25937718000752 22.0743331519586
-15.320521130606163 19.463884244374384
-17.381665081204805 15.897371699317809
-19.442809031803446 16.442914467672956
-21.503952982402087 20.076069665316222
-23.565096933000724 20.0579536365698
-25.62624088359937 22.6845983049301
-27.68738483419801 23.57362601953143
-29.74852878479665 21.861089660179694
-31.809672735395292 20.840283812802735
-33.87081668599393 26.242462441240338
-35.93196063659257 31.088120732643446
-37.99310458719121 26.776278001829187
-40.05424853778985 27.25030279074691
-42.1153924883885 33.27915723312687
-44.17653643898714 36.25192951243994
-46.237680389585776 38.39335938282637
-48.29882434018442 44.96361393971691
-50.35996829078305 39.383921577786296
-52.42111224138169 42.847689464017265
-54.48225619198033 40.87138620371688
-56.543400142578975 38.50691772891055
-58.604544093177616 37.21482225035456
-60.665688043776264 36.68703289892641
-62.7268319943749 29.623357336566112
-64.78797594497354 26.90539214708791
-66.84911989557217 22.12921066870702
-68.9102638461708 23.375370642479208
-70.97140779676947 23.67791855351251
-73.0325517473681 18.760588082238968
-75.09369569796675 18.18260640535236
-77.15483964856539 16.20115336681993
-79.21598359916403 13.591552397421248
-81.27712754976267 11.246767599824064
-83.3382715003613 12.397143781326314
-85.39941545095995 8.075630275528082
-87.46055940155858 14.626114817819044
-89.52170335215723 12.481190977321068
-91.58284730275587 11.26489538024775
-93.64399125335451 9.986736347329723
-95.70513520395315 9.321653055600953
-97.76627915455178 11.478241373868661
-99.82742310515043 10.637557456033068
-101.88856705574906 8.925768916073046
-103.94971100634771 13.227703510070462
-106.01085495694635 8.653370709528128
-108.07199890754501 10.822080750005496
-110.13314285814364 7.145645606802708
-112.19428680874228 8.686073305946078
-114.25543075934092 11.934758675944757
-116.31657470993956 9.889789647358327
-118.3777186605382 8.988990415344169
-120.43886261113684 8.62827133265965
-122.50000656173549 12.704377552186411
-124.56115051233412 7.906362523319481
-126.62229446293276 10.930936908465322
-128.6834384135314 11.00737966410452
-130.74458236413005 12.531552560787812
-132.80572631472867 9.429736110762352
-134.86687026532735 11.798960455682751
-136.92801421592597 11.58065321416231
-138.98915816652462 10.177079312331921
-141.05030211712324 7.857348546897996
-143.1114460677219 8.682114716543396
-145.17259001832053 12.11300694093644
-147.23373396891918 12.88766173690993
-149.2948779195178 13.058955474880353
-151.35602187011645 11.201769644539755
-153.41716582071507 6.327749009736321
-155.47830977131375 10.289087642047583
-157.53945372191237 10.956578870799312
-159.60059767251101 12.647146808247554
-161.66174162310963 12.876099239062412
-163.7228855737083 12.846212776448079
-165.78402952430693 10.510877869111479
-167.84517347490558 15.681116405136498
-169.90631742550423 11.00064934817379
-171.96746137610285 12.230979536631434
-174.02860532670152 13.524641457980437
-176.08974927730014 13.747544734066725
-178.1508932278988 13.032979126853418
-180.2120371784974 6.932057372293178
-182.27318112909606 7.024576270153403
-184.3343250796947 9.606283747473926
-186.39546903029336 12.206352887380863
-188.45661298089198 12.681687686723622
-190.51775693149062 8.956202739185615
-192.57890088208927 14.057940025126397
-194.64004483268792 12.259322560911952
-196.70118878328654 10.960194504978336
-198.7623327338852 12.768162406879808
-200.8234766844838 12.706942454537131
-202.88462063508248 14.814072303997404
-204.94576458568113 9.513925137034686
-207.00690853627975 8.911658557330938
-209.0680524868784 9.349181518017135
-211.12919643747702 6.343992723246466
-213.1903403880757 8.711180382148068
-215.25148433867432 6.962719629610281
-217.31262828927296 5.077983277729216
-219.37377223987158 9.140256342048698
