# BEGINHEADER
# This file contains data from the SALSA 2m radio telescope.
# DATE=2023-03-31T07:56:0042
# GLON and GLAT given in degrees
# GLON=53.79920479218715
# GLAT=0.16685380855545823
# DATA in two columns below. Col. 1 is velocity relative to LSR [km/s]. Col. 2 is uncalibrated antenna temperature [K].
# ENDHEADER
305.2724731379074 1.955416251080505
303.2113291873088 7.924557404524418
301.1501852367101 1.9749709057638094
299.08904128611147 2.547319471564272
297.0278973355129 6.388682902524951
294.96675338491417 5.4361861607949535
292.9056094343156 3.2333214871137965
290.84446548371693 2.2787122496657384
288.7833215331183 2.175891053631734
286.72217758251963 -0.03031043767694608
284.661033631921 3.9658174812191738
282.5998896813224 -1.0131037383529358
280.53874573072375 -1.7830079277382653
278.47760178012504 5.958565903882165
276.41645782952645 0.6125479668914848
274.3553138789278 2.3955691057560866
272.2941699283292 0.3764055159334903
270.2330259777305 -0.8162742413768008
268.17188202713186 2.8456117411481707
266.11073807653327 1.5331597668759607
264.0495941259346 0.9493339720780678
261.98845017533597 0.8929826973906613
259.9273062247373 -0.24403941167411208
257.8661622741387 0.8918184148016237
255.80501832354003 3.4471307661225055
253.74387437294138 1.9399325050600698
251.68273042234276 0.35847868697606533
249.6215864717441 2.4426741863762658
247.5604425211455 1.6837521549523258
245.4992985705468 2.0683623579214867
243.4381546199482 7.166158173832109
241.37701066934954 -0.5821160901872703
239.31586671875093 -0.5660540104420774
237.25472276815228 3.2386513857819517
235.19357881755363 0.8691802009902153
233.13243486695498 -0.2630872632693271
231.07129091635636 1.895409451805143
229.0101469657577 1.5349925691289021
226.9490030151591 1.813919066126
224.88785906456042 -1.630260392934541
222.8267151139618 1.8392967372025129
220.76557116336315 2.3781445782073707
218.7044272127645 0.8369722070406957
216.64328326216585 0.7251777751953102
214.5821393115672 0.7019697279742102
212.52099536096858 1.4451495664726763
210.45985141036994 -0.0031805685365708914
208.39870745977132 2.358169364520807
206.33756350917264 2.0422803769185136
204.27641955857402 1.3283380825143472
202.21527560797537 2.5255331192996158
200.15413165737675 5.7129557590048305
198.0929877067781 3.447938700415198
196.03184375617946 2.623504364295147
193.9706998055808 5.308897392327477
191.9095558549822 3.585432390156318
189.84841190438354 1.619642613940483
187.7872679537849 3.364700275213277
185.72612400318624 2.0444207834399366
183.66498005258762 3.9398099171117
181.60383610198897 0.8677540183228806
179.54269215139033 5.467308657662013
177.48154820079168 3.053022225813096
175.42040425019303 3.6445179209644345
173.3592602995944 5.11353079737512
171.29811634899576 4.615226433188394
169.23697239839714 3.955346866654235
167.17582844779847 -0.3743979188613142
165.11468449719985 6.612871582725578
163.0535405466012 6.564595115734676
160.99239659600258 4.923232840991799
158.9312526454039 3.383477116604674
156.87010869480528 5.819742148807686
154.80896474420663 3.5886884191293107
152.747820793608 4.262653227969983
150.68667684300937 8.933142656570677
148.62553289241072 6.01005958157749
146.56438894181207 2.0917418211378256
144.50324499121345 4.685752741106625
142.4421010406148 2.225622088832282
140.38095709001615 5.897355031515965
138.3198131394175 2.159976699670163
136.25866918881886 4.615837658997418
134.19752523822024 7.490792264219989
132.1363812876216 1.015839057459535
130.07523733702294 4.362583450136251
128.01409338642432 6.538821787917489
125.95294943582567 3.389275735798597
123.89180548522702 2.7946192402832475
121.83066153462838 4.339584146553459
119.76951758402974 2.6621267458836564
117.7083736334311 1.0907021657461904
115.64722968283246 7.060434271718857
113.58608573223383 6.6830750936685
111.52494178163518 4.866470675226109
109.46379783103654 1.4414762379350305
107.4026538804379 1.8263562900988826
105.34150992983926 2.74788632367373
103.28036597924061 3.3359717640144892
101.21922202864198 7.192496912376134
99.15807807804335 4.498133937332458
97.0969341274447 4.469841366986074
95.03579017684606 4.8249979154761355
92.97464622624742 4.335014617877484
90.91350227564878 4.290797775120677
88.85235832505015 5.633393458436816
86.7912143744515 7.001334061168165
84.73007042385285 7.007519702134966
82.6689264732542 7.495448241614761
80.60778252265557 8.538227644898058
78.54663857205692 5.593225834160484
76.48549462145829 7.298803201452465
74.42435067085965 8.885821366181347
72.363206720261 14.264938752553258
70.30206276966237 12.361464039819618
68.24091881906372 15.693570551454723
66.17977486846509 20.092691077317784
64.11863091786644 32.41441048909915
62.057486967267806 38.40299711091545
59.996343016669165 41.50847626542294
57.935199066070524 45.66108821052978
55.874055115471876 51.898088060558
53.81291116487324 58.808149308807096
51.7517672142746 64.92130525469493
49.69062326367596 68.81955094409324
47.62947931307731 72.21327260719528
45.56833536247867 72.62717330780731
43.50719141188004 74.02969983383252
41.446047461281395 73.58236627430644
39.384903510682754 73.52807748752517
37.323759560084106 72.27883142098717
35.262615609485465 72.54634962551326
33.201471658886824 73.74521584046215
31.140327708288186 78.09350562929694
29.079183757689545 74.66000316507179
27.018039807090904 75.95123236879726
24.956895856492267 78.96324499383334
22.895751905893626 80.7499036679288
20.834607955294985 85.49360197595237
18.773464004696343 84.59235884817788
16.712320054097706 84.74911522239204
14.651176103499063 86.88090523187691
12.590032152900424 98.63259068040085
10.528888202301781 108.17496066745126
8.467744251703142 105.71192592968838
6.4066003011045005 98.96636483327259
4.3454563505058585 88.95584404854667
2.2843123999072183 77.87881774267723
0.22316844930857752 67.40097554087254
-1.8379755012900632 53.28826902995118
-3.899119451888704 44.678412234871864
-5.960263402487345 37.23466149805463
-8.021407353085985 31.580082819151258
-10.082551303684626 28.415888244136315
-12.143695254283266 25.41678936424688
-14.204839204881909 21.283315331706653
-16.265983155480548 24.000341708436327
-18.32712710607919 21.217834456309312
-20.38827105667783 21.022175012758368
-22.44941500727647 19.723875478546606
-24.51055895787511 17.45938363592194
-26.571702908473757 18.26477604101003
-28.632846859072394 23.241338815845317
-30.693990809671035 24.142855361463283
-32.75513476026968 24.273022157522444
-34.81627871086832 25.519670734810855
-36.87742266146696 28.2622236839902
-38.93856661206559 30.563812279983097
-40.99971056266424 30.082196224084598
-43.06085451326288 37.193658488828206
-45.12199846386152 36.550397235007864
-47.183142414460164 39.013144741422984
-49.244286365058805 39.30721149403344
-51.30543031565744 39.35724091829827
-53.36657426625608 43.022619665959205
-55.42771821685472 41.517344650227464
-57.488862167453355 43.08693151177359
-59.550006118052 42.991006979532166
-61.611150068650645 36.16879295462797
-63.672294019249286 35.237539903513344
-65.73343796984791 31.416961851212097
-67.79458192044656 27.806684186478574
-69.85572587104521 26.99199264710504
-71.91686982164386 19.960101868621987
-73.97801377224249 20.42649273533
-76.03915772284114 19.356609421692998
-78.10030167343977 17.866460839376494
-80.16144562403841 14.491591914061647
-82.22258957463706 15.282757175293284
-84.28373352523569 16.701568238204548
-86.34487747583434 15.739089179046546
-88.40602142643297 12.598387481203863
-90.46716537703162 13.733869772477384
-92.52830932763025 11.94778006186797
-94.58945327822889 10.12459615223524
-96.65059722882754 9.863611754254524
-98.71174117942617 12.675212865264072
-100.77288513002482 12.077949493589477
-102.83402908062345 5.751380574431608
-104.89517303122209 9.58206891131638
-106.95631698182073 14.177367808507054
-109.01746093241938 8.839216470170827
-111.07860488301803 9.23776061536868
-113.13974883361666 12.300960586067571
-115.20089278421531 8.133545029317586
-117.26203673481395 9.255019570998222
-119.32318068541258 8.71458115405125
-121.38432463601123 7.118048146102011
-123.44546858660986 8.376873390138767
-125.50661253720851 11.309832155311884
-127.56775648780715 12.253439296963121
-129.6289004384058 10.812680862489128
-131.69004438900444 7.949136668154697
-133.7511883396031 7.163440353620106
-135.8123322902017 7.514952123213111
-137.87347624080036 9.08931472164366
-139.93462019139898 12.783817994993468
-141.99576414199765 12.875746358932616
-144.05690809259627 9.160123899661476
-146.11805204319492 8.233308797863984
-148.17919599379354 14.423881157947411
-150.2403399443922 12.378699715371475
-152.30148389499084 11.674498392028404
-154.3626278455895 11.661733897213903
-156.4237717961881 7.658511987508895
-158.48491574678675 9.671739933359847
-160.54605969738537 12.325961252057006
-162.60720364798405 11.594556589826345
-164.66834759858267 9.468787604381545
-166.72949154918132 12.079650373820499
-168.79063549977997 9.803159362669303
-170.85177945037861 10.05707453728524
-172.91292340097726 14.373389640340358
-174.97406735157588 10.19557472608705
-177.03521130217453 8.765481050587148
-179.09635525277315 6.850031911901422
-181.15749920337183 10.27568860356261
-183.21864315397045 8.759621715599238
-185.2797871045691 9.58423860845817
-187.34093105516772 10.204290804149647
-189.40207500576636 11.872363694424573
-191.463218956365 11.327117709266185
-193.52436290696366 8.755058396721052
-195.58550685756228 8.879243654340316
-197.64665080816093 10.874425739335832
-199.70779475875958 7.382919662800394
-201.76893870935822 7.509116174402435
-203.83008265995684 10.89648231718706
-205.8912266105555 9.222138748971771
-207.95237056115414 10.582053387785752
-210.0135145117528 6.23645184623225
-212.07465846235144 9.595030350992582
-214.13580241295006 10.08885556423755
-216.1969463635487 7.514925789074132
-218.25809031414732 10.309052273802708
-220.319234264746 6.132692791183577
