# BEGINHEADER
# This file contains data from the SALSA 2m radio telescope.
# DATE=2023-03-31T08:04:0052
# GLON and GLAT given in degrees
# GLON=56.825369699354745
# GLAT=0.11576022002063927
# DATA in two columns below. Col. 1 is velocity relative to LSR [km/s]. Col. 2 is uncalibrated antenna temperature [K].
# ENDHEADER
304.19315850478665 2.967315528475352
302.132014554188 6.803756046335363
300.0708706035894 6.771996752643475
298.00972665299076 4.79561409026462
295.94858270239206 5.886399909498329
293.88743875179347 5.848464110641733
291.8262948011948 5.865676035802813
289.7651508505962 3.5625426040988963
287.7040068999975 1.0454441543545023
285.6428629493989 5.518997508817995
283.5817189988003 2.856648265107895
281.5205750482016 1.890276290549838
279.45943109760293 -0.9782310397798162
277.39828714700434 2.597652625383238
275.3371431964057 5.991202692677843
273.27599924580704 1.5531182213861003
271.2148552952084 2.4991685890435122
269.15371134460975 3.7179290310196498
267.09256739401116 0.42102744496338856
265.03142344341245 3.24285885576125
262.97027949281386 1.9071587641504097
260.9091355422152 6.441098928010504
258.84799159161656 1.6825532243661923
256.7868476410179 1.637173429482504
254.72570369041927 1.2295337004557658
252.66455973982065 0.950572166525871
250.603415789222 7.655759160629906
248.54227183862338 0.8553034529402356
246.48112788802473 -2.163146151567364
244.41998393742608 -1.2295595701618909
242.35883998682743 1.1484608135503587
240.29769603622879 2.361061547921401
238.23655208563017 2.2482017292938212
236.1754081350315 0.7226517065793049
234.11426418443287 3.130711320655458
232.05312023383422 0.6454385246223584
229.9919762832356 0.4595959016651585
227.93083233263695 3.5935727353636313
225.8696883820383 4.215603330883396
223.80854443143966 2.344435664890121
221.74740048084104 5.038846215085458
219.6862565302424 3.106237795139058
217.62511257964377 3.4710112349527837
215.5639686290451 3.046300088900261
213.50282467844647 3.7623445828353144
211.44168072784782 2.2479908281389296
209.3805367772492 5.1217105797384015
207.31939282665053 3.517156781328919
205.2582488760519 8.065006286371696
203.19710492545326 5.35776584115387
201.1359609748546 4.281701779280662
199.074817024256 -0.14315181558796203
197.01367307365734 0.05714960306220375
194.95252912305872 6.364100027611087
192.89138517246008 7.024985909821693
190.83024122186146 2.1465908889100227
188.76909727126278 1.4103276032233238
186.70795332066416 1.7424221371518995
184.6468093700655 6.271657277392358
182.5856654194669 3.3935983663454126
180.52452146886822 6.145800380348723
178.4633775182696 3.737346939471633
176.40223356767095 4.629676439854861
174.34108961707233 5.757130335098973
172.27994566647368 4.0469147050329575
170.21880171587503 4.2060056806262525
168.15765776527638 6.925483068105725
166.09651381467776 5.740297146857581
164.03536986407912 3.7206778107981036
161.97422591348047 2.2378294469398896
159.91308196288182 6.19576658403438
157.85193801228317 3.254184010237661
155.79079406168455 5.19204483352149
153.7296501110859 5.8751912466547385
151.66850616048728 5.325012668488605
149.6073622098886 5.117051874477849
147.54621825929 2.761946639188374
145.48507430869134 5.601518993742475
143.42393035809272 6.6506477935726664
141.36278640749404 3.813859289179144
139.30164245689542 5.345024915948743
137.24049850629677 6.116080515859605
135.17935455569815 6.750592743435598
133.1182106050995 3.0218774331280867
131.05706665450086 0.36198704381499575
128.9959227039022 4.445487184685285
126.93477875330358 5.90275988239241
124.87363480270493 3.5844004875968256
122.8124908521063 5.3270860482965405
120.75134690150766 4.109601782182732
118.69020295090901 4.7697348187558255
116.62905900031038 6.1629430267475716
114.56791504971173 5.7810888825207885
112.5067710991131 6.953233922180019
110.44562714851446 5.4290928871950594
108.38448319791581 4.298943274989328
106.32333924731718 4.83510081606025
104.26219529671852 5.070037251743585
102.20105134611988 3.656318498561291
100.13990739552123 4.30965157903461
98.0787634449226 3.5169334911077246
96.01761949432397 7.4239957600425965
93.95647554372532 5.167745821788425
91.89533159312668 3.229081585848156
89.83418764252804 8.240481740438156
87.7730436919294 3.415551494014065
85.71189974133075 5.379253423308082
83.65075579073212 7.06380164783701
81.58961184013349 1.8921656658782213
79.52846788953484 4.233794243162002
77.4673239389362 5.7333714487122105
75.40617998833756 8.72573387376386
73.34503603773892 10.142833135447585
71.28389208714027 8.60931018101981
69.22274813654164 9.484554242387999
67.16160418594299 7.039247325682421
65.10046023534434 14.420756565109881
63.03931628474571 15.37105610400309
60.978172334147075 18.31339084477144
58.917028383548434 19.884024888626016
56.855884432949786 23.81325092523974
54.794740482351145 30.82992498907848
52.733596531752504 31.499737060942508
50.67245258115386 37.29641040006282
48.61130863055522 37.16089459079929
46.55016467995658 50.459482241142865
44.48902072935794 53.95307668746726
42.4278767787593 57.48303716218824
40.36673282816066 67.17440431761649
38.30558887756201 73.49049622208283
36.244444926963375 72.54541809472353
34.183300976364734 75.25509296195413
32.12215702576609 80.56148821478305
30.061013075167452 81.5094966206516
27.99986912456881 86.02473090364273
25.938725173970173 88.70994506787511
23.87758122337153 85.12624210301894
21.816437272772887 88.20187832123314
19.75529332217425 94.01115806718732
17.69414937157561 89.09889657536246
15.633005420976966 90.30822914978192
13.571861470378327 100.67172760187754
11.510717519779686 105.74263618764363
9.449573569181046 112.29720430428063
7.388429618582405 99.5013154713292
5.327285667983764 93.30299106122466
3.266141717385123 84.39108980621424
1.2049977667864824 72.94242242056907
-0.8561461838121585 66.29725849902506
-2.9172901344107993 55.01886175667811
-4.97843408500944 48.804563539702535
-7.039578035608081 43.924457290549014
-9.100721986206722 38.89640002358874
-11.161865936805361 37.12456527796966
-13.223009887404004 34.00645054608043
-15.284153838002645 29.333136805774206
-17.345297788601286 27.494762824558286
-19.406441739199927 21.089570828863597
-21.467585689798565 21.445364841874678
-23.528729640397206 18.570952768976483
-25.58987359099585 16.059014868847076
-27.65101754159449 14.45524985945224
-29.71216149219313 19.340620236629093
-31.77330544279177 20.38933644777048
-33.83444939339041 21.3679247228047
-35.89559334398905 20.740420868372738
-37.95673729458769 24.314932887940238
-40.01788124518634 25.078712909504674
-42.07902519578498 23.766438856909947
-44.14016914638362 31.712319505677524
-46.201313096982254 33.95361348321936
-48.262457047580895 33.02693275733893
-50.32360099817953 37.312220549578555
-52.38474494877817 36.83136668884624
-54.44588889937681 38.675560525210436
-56.50703284997545 47.194042069460146
-58.5681768005741 43.833400221406706
-60.62932075117274 46.55879388078944
-62.690464701771376 47.04421277548269
-64.75160865237001 43.45607852337293
-66.81275260296866 40.46192320836018
-68.8738965535673 33.57157940829039
-70.93504050416594 29.273752221065003
-72.99618445476457 27.662045927219783
-75.05732840536322 25.647139421788225
-77.11847235596186 22.430733203684817
-79.1796163065605 22.111047671677518
-81.24076025715914 17.766442934035325
-83.30190420775777 19.92667971369443
-85.36304815835642 13.96944418942955
-87.42419210895505 15.270230166091839
-89.48533605955372 18.467972215863554
-91.54648001015235 15.311876238300615
-93.607623960751 10.62509675990487
-95.66876791134963 11.744880733550128
-97.72991186194827 9.606026821568356
-99.79105581254692 10.802786966039962
-101.85219976314555 12.994982371951004
-103.9133437137442 9.073304900021467
-105.97448766434283 11.097884074804833
-108.03563161494148 11.739314546551082
-110.09677556554011 10.719258207948382
-112.15791951613875 10.045713624371798
-114.2190634667374 8.976750605339017
-116.28020741733603 6.835051714894142
-118.34135136793468 11.172238731620782
-120.40249531853331 11.633552474612934
-122.46363926913196 11.102669898168156
-124.5247832197306 7.808775296972021
-126.58592717032924 5.443183458157368
-128.64707112092788 10.76107907183725
-130.70821507152652 11.86407043149624
-132.76935902212517 10.564760834168068
-134.8305029727238 9.346618475889894
-136.89164692332244 9.665121521023817
-138.95279087392106 8.985676559707107
-141.01393482451974 11.526921654625475
-143.07507877511836 12.329658451194126
-145.136222725717 11.709168993409866
-147.19736667631565 7.344531570271792
-149.2585106269143 9.509417398373598
-151.31965457751295 9.82569943637417
-153.38079852811157 12.514426741691743
-155.44194247871022 12.708093726144417
-157.50308642930884 11.995559640048436
-159.5642303799075 11.556570626711228
-161.62537433050613 13.092402274253207
-163.68651828110478 9.877176359462343
-165.7476622317034 8.880498723624664
-167.80880618230205 12.870912566236441
-169.8699501329007 10.13730411390462
-171.93109408349935 10.818165352484318
-173.99223803409797 11.296789905538668
-176.0533819846966 13.29690909159788
-178.11452593529526 13.599502652702679
-180.1756698858939 12.4799378082437
-182.23681383649253 8.68882825832057
-184.29795778709118 9.008909010740421
-186.35910173768983 13.832526760758922
-188.42024568828847 11.917361311286832
-190.48138963888712 11.843876637890235
-192.54253358948574 9.422830116167802
-194.6036775400844 11.827843631705285
-196.664821490683 10.454404690884363
-198.7259654412817 9.95282595575205
-200.78710939188034 11.671930367780389
-202.84825334247898 9.729898886591368
-204.9093972930776 11.40751928366297
-206.97054124367625 8.195668734462878
-209.03168519427487 8.567871038694674
-211.09282914487355 10.622446947141029
-213.15397309547217 8.35733300840834
-215.21511704607082 10.956729734564346
-217.27626099666944 8.240370066471172
-219.3374049472681 6.711965764415198
-221.39854889786676 7.480922579163811
