# BEGINHEADER
# This file contains data from the SALSA 2m radio telescope.
# DATE=2023-03-31T08:09:0052
# GLON and GLAT given in degrees
# GLON=59.87843627154661
# GLAT=0.1845792868215676
# DATA in two columns below. Col. 1 is velocity relative to LSR [km/s]. Col. 2 is uncalibrated antenna temperature [K].
# ENDHEADER
303.00049978325507 2.948305826732575
300.9393558326564 5.549812040593404
298.87821188205777 4.718551957124282
296.8170679314592 4.246642208122796
294.75592398086053 2.8013035455720883
292.6947800302618 2.554843885386073
290.63363607966323 4.48596413054535
288.5724921290646 2.992852989469289
286.51134817846594 1.770632604821249
284.4502042278673 1.1437715705070717
282.38906027726864 4.5699343038520635
280.32791632667005 3.5911902257991417
278.2667723760714 4.843226084660114
276.2056284254727 4.022548807677406
274.1444844748741 1.867440272445565
272.08334052427546 2.518184955009967
270.02219657367687 -0.45807894366752167
267.96105262307816 4.21888965086111
265.8999086724795 3.6181497826806344
263.8387647218809 3.2647350987143273
261.7776207712822 0.060903718892078976
259.7164768206836 0.007949902399363837
257.655332870085 -0.008331717568164337
255.59418891948633 1.8365714897245446
253.5330449688877 3.1429423500027966
251.47190101828903 2.0922151440862593
249.4107570676904 4.596036379178648
247.34961311709176 2.896769538279674
245.28846916649314 2.305909591631943
243.2273252158945 4.555269337731525
241.16618126529585 1.658927080661044
239.1050373146972 -0.3152767892614368
237.04389336409858 3.3715833377486195
234.98274941349993 -0.5221303706337466
232.92160546290128 -2.0949797117046325
230.86046151230263 2.4105500785074483
228.799317561704 1.5496570957660845
226.73817361110537 1.6554441826621071
224.67702966050672 4.305715216624268
222.61588570990807 5.533548430847374
220.55474175930942 4.218469715373633
218.4935978087108 3.443029049579508
216.43245385811215 -1.9777125101309787
214.37130990751353 1.0715667575336338
212.31016595691486 1.185805057711712
210.24902200631624 0.414514071995275
208.1878780557176 4.660531857507802
206.12673410511897 5.506046499550116
204.0655901545203 4.58073848449731
202.00444620392167 2.4935666757348374
199.94330225332303 2.6368991622751476
197.88215830272438 6.17832186636319
195.82101435212573 4.26226182031747
193.7598704015271 2.5265797153470846
191.69872645092843 1.5941706986326145
189.63758250032978 4.78532263624914
187.57643854973117 2.998854872313388
185.51529459913252 3.2621487795409214
183.4541506485339 1.68708568884439
181.39300669793522 3.148641608895433
179.3318627473366 2.9247053531372393
177.27071879673795 3.6070061484635603
175.20957484613933 -0.3654257587418556
173.14843089554068 -0.1186488295238295
171.08728694494204 4.529248930811081
169.0261429943434 5.893839846502214
166.96499904374477 3.4978801227094976
164.90385509314612 3.0402160254161705
162.84271114254747 1.847940031036975
160.78156719194882 3.749552241252498
158.7204232413502 3.6283480819356266
156.65927929075156 2.0437812314987145
154.59813534015294 1.7725731403088416
152.53699138955426 0.7653263168666969
150.4758474389556 7.160129540407104
148.414703488357 1.3382647538802976
146.35355953775834 5.598831242565932
144.29241558715972 5.9849740567389915
142.23127163656105 6.964311361693132
140.17012768596243 6.410872549017401
138.10898373536378 2.2759669416536106
136.04783978476516 4.854537930552764
133.98669583416648 4.2462026939004724
131.92555188356786 4.203116196949912
129.86440793296921 2.652089140423658
127.80326398237058 3.9698276754177546
125.74212003177193 6.276002110989374
123.6809760811733 2.705647828909706
121.61983213057465 4.725134261578638
119.55868817997602 6.3531820955016
117.49754422937738 7.503404351006221
115.43640027877873 6.476667222525283
113.3752563281801 2.414538104798166
111.31411237758145 5.602122360394179
109.25296842698282 6.040826894598899
107.19182447638417 5.794618952691773
105.13068052578554 2.222085701346485
103.0695365751869 3.4877878053111315
101.00839262458825 4.103296468534762
98.94724867398963 0.8520956864700102
96.88610472339099 5.522405413270047
94.82496077279235 7.30125780424119
92.76381682219369 5.141365853128371
90.70267287159506 4.0138191887598
88.64152892099641 1.6089916694900352
86.58038497039777 3.81562960603312
84.51924101979914 5.079170697798382
82.45809706920049 8.098838877997045
80.39695311860186 5.4661287696656995
78.33580916800321 4.197631116607566
76.27466521740457 6.418487387156478
74.21352126680593 5.076243111686132
72.15237731620729 8.51061432160772
70.09123336560866 8.309258850305758
68.03008941501001 3.978809381519726
65.96894546441138 7.7322704971083365
63.90780151381273 9.778666407376077
61.84665756321409 10.049053932210883
59.785513612615446 11.642983608913047
57.724369662016805 14.448225047469716
55.663225711418164 15.658157305167524
53.60208176081952 15.983269907178673
51.54093781022088 18.617980810396535
49.47979385962225 23.463645789233706
47.41864990902361 28.642898847175918
45.35750595842496 31.439110205509504
43.29636200782632 38.98841041974083
41.23521805722768 43.52865230165601
39.174074106629035 47.2334834748957
37.112930156030394 53.69223456019909
35.05178620543176 63.496941329216625
32.99064225483312 74.4098421130067
30.929498304234475 80.1928013410989
28.868354353635834 88.20705650739907
26.807210403037192 88.60309560457715
24.746066452438555 89.46970752046526
22.684922501839914 89.7590194442595
20.62377855124127 92.33543553617471
18.56263460064263 101.53972462808615
16.50149065004399 100.17380494803211
14.440346699445351 111.7170675350672
12.379202748846708 118.26583082259464
10.31805879824807 118.42152832850567
8.256914847649426 116.74706223721313
6.195770897050787 104.78638087659833
4.134626946452145 91.2073338624882
2.0734829958535044 83.23097743483352
0.01233904525486348 78.7989969419777
-2.0488049053437773 66.1555516773997
-4.109948855942418 57.73367082655315
-6.1710928065410595 52.374065153984226
-8.232236757139699 47.36207780369767
-10.29338070773834 46.6140178049334
-12.354524658336981 40.5147411853101
-14.41566860893562 38.98423303521842
-16.47681255953426 35.36668427457208
-18.537956510132904 32.08164559286138
-20.599100460731545 29.981876524908984
-22.660244411330183 25.08900387478815
-24.721388361928824 22.705897353029307
-26.78253231252747 21.283502072477514
-28.843676263126106 19.35656729473599
-30.904820213724747 14.60566374641071
-32.96596416432339 13.142593628147404
-35.02710811492203 17.219372962474186
-37.08825206552067 17.816155297741066
-39.14939601611931 16.81363444051706
-41.21053996671795 18.23980162285199
-43.271683917316594 18.61032218950335
-45.332827867915235 19.760952584044396
-47.39397181851387 27.09079749829467
-49.45511576911251 28.62360040633097
-51.51625971971116 37.39272545281979
-53.5774036703098 35.50829260491004
-55.63854762090844 41.53843739174909
-57.69969157150708 43.28376103543354
-59.76083552210572 47.6244794677268
-61.821979472704356 50.61273081288446
-63.883123423303 49.326793677056905
-65.94426737390165 51.33736103970797
-68.00541132450029 45.430191708051076
-70.06655527509892 44.95303381323886
-72.12769922569757 34.76491897068728
-74.1888431762962 32.0246726622141
-76.24998712689485 27.380034314517093
-78.31113107749349 25.659007649265888
-80.37227502809213 24.34943291758582
-82.43341897869077 22.510202529077283
-84.4945629292894 20.090294592294665
-86.55570687988805 21.885290625127578
-88.61685083048668 18.153100063924473
-90.67799478108533 13.534068693790351
-92.73913873168397 12.916663260293545
-94.8002826822826 10.538148743948822
-96.86142663288125 12.698106906095749
-98.92257058347988 10.777627057405844
-100.98371453407856 9.263110862990834
-103.04485848467719 12.202149244122168
-105.10600243527583 8.278075689590013
-107.16714638587447 8.848375803451335
-109.22829033647311 7.562119838579639
-111.28943428707176 9.177457634891342
-113.35057823767039 8.327800049205136
-115.41172218826902 7.768126457719329
-117.47286613886767 9.608302610231705
-119.5340100894663 9.055236810652268
-121.59515404006495 9.765807703990301
-123.65629799066359 9.775124839434838
-125.71744194126224 7.818069838071684
-127.77858589186087 9.33224246982055
-129.83972984245952 7.960797929219108
-131.90087379305817 9.95556487421144
-133.9620177436568 11.39650527195771
-136.02316169425544 10.782449851152792
-138.08430564485408 9.881536982641018
-140.14544959545273 10.647915030339195
-142.20659354605135 9.479421631582072
-144.26773749665 7.697530179274207
-146.32888144724862 8.435906972957367
-148.3900253978473 13.30810805188968
-150.45116934844592 7.8159971644298984
-152.51231329904456 10.180851540967224
-154.57345724964318 15.28694504110604
-156.63460120024186 9.14761607131365
-158.6957451508405 10.172687426070425
-160.75688910143913 11.067350316566081
-162.81803305203778 10.571356657824406
-164.8791770026364 10.95409782038772
-166.94032095323507 12.149362311721303
-169.0014649038337 7.881498446398162
-171.06260885443234 10.496160662653233
-173.12375280503096 14.148998112510142
-175.1848967556296 9.00743037864023
-177.24604070622826 11.289320281734886
-179.3071846568269 13.854647373068733
-181.36832860742552 6.691921306364723
-183.42947255802417 11.254575354989658
-185.4906165086228 12.972285106994578
-187.55176045922147 9.95295252312191
-189.6129044098201 7.508893276479113
-191.67404836041874 7.015444991272507
-193.73519231101736 11.205561245397453
-195.79633626161603 12.00899483536921
-197.85748021221468 11.154252402214775
-199.91862416281327 9.749906161711522
-201.97976811341192 13.770919415302583
-204.04091206401057 13.51957846994197
-206.10205601460922 15.8316353555584
-208.16319996520784 7.121760454769567
-210.2243439158065 7.5906561087645255
-212.2854878664051 9.089041857013914
-214.34663181700378 6.3993760649245806
-216.4077757676024 8.150290648795513
-218.46891971820105 9.337359804113401
-220.53006366879967 8.011856718116979
-222.59120761939835 4.1905158647121645
