# BEGINHEADER
# This file contains data from the SALSA 2m radio telescope.
# DATE=2023-03-31T08:16:0015
# GLON and GLAT given in degrees
# GLON=62.875817433028715
# GLAT=0.1632795670866749
# DATA in two columns below. Col. 1 is velocity relative to LSR [km/s]. Col. 2 is uncalibrated antenna temperature [K].
# ENDHEADER
301.71980804897964 2.421899194520204
299.65866409838094 5.99550604734362
297.5975201477823 5.0345492674718
295.5363761971837 5.611458394502845
293.475232246585 6.405998740396149
291.41408829598635 2.5611463044342653
289.35294434538775 4.763679584825357
287.2918003947891 3.337187125705985
285.23065644419046 0.17842319890241046
283.1695124935918 2.8243796418316363
281.10836854299316 2.1011158768484064
279.04722459239457 1.6737664615224639
276.98608064179587 -2.0815817237122984
274.9249366911973 1.4038831046513458
272.8637927405986 1.0196778469902612
270.80264879 -0.32831508390889974
268.74150483940133 1.6098146342217778
266.6803608888027 -0.6467626309650194
264.6192169382041 -0.47784434914646434
262.55807298760544 2.3682072865441395
260.4969290370068 -1.0757795409116386
258.43578508640815 1.0897550440180572
256.3746411358095 1.5130657399346488
254.31349718521085 2.7713643334928606
252.2523532346122 0.6479820128948666
250.19120928401358 1.7862570004800558
248.13006533341493 -0.5430690229988308
246.06892138281628 -0.7688505514441714
244.00777743221764 0.6662373933264333
241.94663348161902 -2.524322239478632
239.88548953102037 0.7889323571310927
237.82434558042172 0.3366196049472653
235.76320162982307 0.9974898295120844
233.70205767922445 0.14015210058408603
231.6409137286258 -1.7920098377561833
229.57976977802718 3.9168128183844884
227.5186258274285 0.9088381230488863
225.4574818768299 1.949064071480785
223.39633792623124 0.11418098759455755
221.33519397563262 2.6736267097164297
219.27405002503397 -0.7257393554177475
217.2129060744353 2.651164825795094
215.15176212383668 1.7367258901402214
213.09061817323803 0.8389800416379798
211.0294742226394 2.0487512173528692
208.96833027204073 1.7817226399944428
206.9071863214421 1.2101418959870138
204.84604237084346 -2.4515058962691665
202.78489842024484 4.027103864744968
200.7237544696462 3.019504990050558
198.66261051904755 3.319110031386766
196.60146656844887 3.7982140429132376
194.54032261785025 2.5989472891651872
192.4791786672516 3.205575061627402
190.41803471665298 4.373759397513942
188.35689076605433 1.5513493390833473
186.2957468154557 1.6664270841100568
184.23460286485704 4.307236369295287
182.17345891425842 0.7750171880906686
180.11231496365977 1.6415717064646396
178.05117101306112 1.9688708298636581
175.99002706246247 2.8211508456579235
173.92888311186383 2.14252906603626
171.8677391612652 3.5405533469795145
169.80659521066656 3.503252300932099
167.7454512600679 2.255360804476836
165.68430730946926 1.2864750685114081
163.62316335887064 6.722222397875706
161.562019408272 4.349134778121161
159.50087545767337 2.5746235868966716
157.4397315070747 5.781052644658395
155.37858755647608 3.8276842116449705
153.31744360587743 4.296341509170554
151.2562996552788 4.121451128869706
149.19515570468016 2.4604193311486724
147.1340117540815 5.1584573502292965
145.07286780348286 7.263598478613119
143.01172385288424 1.3436857549732857
140.9505799022856 5.620847605625598
138.88943595168692 3.635002934904603
136.8282920010883 1.245140402093129
134.76714805048965 2.584851140406293
132.70600409989103 1.2777418953538286
130.64486014929238 1.4171818647137082
128.58371619869374 4.02374971175722
126.5225722480951 0.24895733797345362
124.46142829749647 4.015378656863985
122.40028434689782 1.4350312850656983
120.33914039629917 3.2577284822380017
118.27799644570054 4.333559843869709
116.21685249510189 3.1032975679245345
114.15570854450326 8.23200427801809
112.09456459390461 0.9282734954206853
110.03342064330597 2.1475933171150765
107.97227669270734 4.747250927401859
105.91113274210869 3.4248364728133085
103.84998879151006 3.0155217797750913
101.78884484091141 4.42458752284531
99.72770089031278 4.879241425029882
97.66655693971413 2.928267055081806
95.6054129891155 6.199999767037367
93.54426903851686 1.3299196788195415
91.48312508791821 5.229193951373852
89.42198113731958 2.398068271776797
87.36083718672093 4.41624489747758
85.2996932361223 5.574766344447997
83.23854928552363 4.727172880466503
81.177405334925 6.262335365269943
79.11626138432636 6.2904226157515275
77.05511743372772 2.6102157957503263
74.99397348312908 5.324098476785724
72.93282953253043 5.33618642020671
70.8716855819318 4.852049926475807
68.81054163133315 2.748896150662187
66.74939768073452 8.587024572576516
64.68825373013587 6.733184118003713
62.627109779537236 8.803692361396434
60.5659658289386 8.597384308139853
58.50482187833996 14.022383051817119
56.44367792774132 12.751318380264278
54.38253397714267 11.39097439294439
52.32139002654403 14.578885862359986
50.26024607594539 10.59411358641067
48.199102125346755 17.836145032426
46.137958174748114 18.53926921624722
44.07681422414948 22.339928141240787
42.01567027355084 23.636688171269927
39.9545263229522 23.506664316002194
37.89338237235356 34.986513290997266
35.832238421754916 37.90723475845221
33.77109447115627 45.60020216562784
31.709950520557634 56.023595439175736
29.64880656995899 67.2965211242413
27.587662619360348 81.14724772053087
25.52651866876171 84.49499647272714
23.465374718163066 95.19267557810724
21.404230767564428 99.43813686050859
19.343086816965783 102.60732252562151
17.281942866367142 106.80217322386993
15.220798915768503 110.61679764579502
13.159654965169862 124.87043654512637
11.098511014571223 123.98051740693141
9.037367063972582 130.99784979121446
6.9762231133739405 127.28491545805001
4.915079162775299 113.59741068261123
2.8539352121766592 95.11922967142773
0.7927912615780184 90.67260465833971
-1.2683526890206225 80.2734567367586
-3.329496639619263 65.69560988250299
-5.390640590217904 55.58850182311288
-7.451784540816544 48.424410208289814
-9.512928491415185 48.8218433194537
-11.574072442013827 46.28941973738146
-13.635216392612469 44.61962032472445
-15.69636034321111 36.71923201134837
-17.757504293809752 36.11966414155154
-19.81864824440839 29.992028481191145
-21.87979219500703 24.666984659775068
-23.940936145605672 24.69960670856297
-26.00208009620431 20.635817965691373
-28.063224046802954 21.29302173683494
-30.124367997401592 20.112834667568478
-32.18551194800023 22.1335376368206
-34.246655898598874 18.05658281078271
-36.307799849197515 18.424111988242274
-38.368943799796156 20.30045254501344
-40.43008775039479 15.925216883700033
-42.49123170099344 19.60115480146542
-44.55237565159208 19.266409333863898
-46.61351960219072 22.47150290489793
-48.67466355278936 24.68888250043738
-50.735807503388 25.879492082553472
-52.796951453986644 32.4305012959605
-54.858095404585285 36.227916806752745
-56.919239355183926 39.680194023439505
-58.98038330578257 47.46066429398495
-61.041527256381215 46.805803204646644
-63.10267120697985 50.41203611729021
-65.16381515757848 54.59766259765038
-67.22495910817713 54.6300938125824
-69.28610305877577 49.33379291962222
-71.34724700937441 44.858252119859166
-73.40839095997306 41.74461516532115
-75.4695349105717 36.00948511331151
-77.53067886117034 31.78621368375618
-79.59182281176898 27.84382185960705
-81.65296676236763 25.679345006578565
-83.71411071296626 21.72243162901544
-85.7752546635649 19.643562930620654
-87.83639861416354 20.92680147013
-89.89754256476218 17.72665995844129
-91.95868651536082 13.407274870341752
-94.01983046595946 14.259799228097883
-96.0809744165581 13.861836671093393
-98.14211836715674 14.490966530003966
-100.20326231775537 11.290202023206387
-102.26440626835402 10.627182876598772
-104.32555021895266 13.731660070729133
-106.3866941695513 13.379482960239436
-108.44783812014994 12.534733281134947
-110.5089820707486 13.065156415653988
-112.57012602134724 9.75220883215382
-114.63126997194587 11.619377145570281
-116.69241392254452 12.650855746297676
-118.75355787314315 10.385258373561658
-120.8147018237418 11.705206542024678
-122.87584577434043 9.909456205584041
-124.93698972493908 9.366477498923986
-126.99813367553772 8.583274737384802
-129.05927762613635 6.131360507285023
-131.120421576735 6.378199654101992
-133.18156552733365 12.446360207941156
-135.2427094779323 10.390495107405615
-137.3038534285309 10.280143099649813
-139.36499737912956 11.774129535808713
-141.42614132972818 8.85839226896025
-143.48728528032686 10.689025111053883
-145.54842923092548 11.678968256134857
-147.60957318152413 11.50943921765883
-149.67071713212275 11.598588150069945
-151.73186108272142 13.55102059967901
-153.79300503332004 10.430379821282902
-155.8541489839187 5.8749466457370305
-157.9152929345173 11.125041838607862
-159.97643688511596 11.2268520523022
-162.0375808357146 10.203237497386882
-164.09872478631326 11.166748609650734
-166.15986873691187 10.454458022706742
-168.22101268751052 8.73963013219116
-170.28215663810917 7.296017114069214
-172.34330058870782 8.424091636839092
-174.40444453930647 8.674830833983087
-176.4655884899051 8.760932539356524
-178.52673244050374 11.84128942590246
-180.58787639110236 8.919269072658562
-182.64902034170103 11.224615481364872
-184.71016429229965 10.112955271350929
-186.7713082428983 10.556237513841142
-188.83245219349692 11.643587848867071
-190.8935961440956 12.609542213438983
-192.95474009469422 10.222496701476652
-195.01588404529286 11.16962626749912
-197.07702799589148 13.624523804133267
-199.13817194649013 9.591433188816087
-201.19931589708875 10.504423159512086
-203.2604598476874 10.913688098865036
-205.32160379828602 13.06395765707589
-207.3827477488847 10.438329172762058
-209.44389169948334 10.394652311565968
-211.50503565008196 10.589982166980407
-213.5661796006806 10.803440779748074
-215.62732355127923 9.120908784642484
-217.6884675018779 6.949021877685814
-219.74961145247653 8.616676677035631
-221.81075540307518 10.083658009906582
-223.8718993536738 6.781544221696028
