# BEGINHEADER
# This file contains data from the SALSA 2m radio telescope.
# DATE=2023-03-31T08:22:0022
# GLON and GLAT given in degrees
# GLON=65.86138404392125
# GLAT=0.15226076433411118
# DATA in two columns below. Col. 1 is velocity relative to LSR [km/s]. Col. 2 is uncalibrated antenna temperature [K].
# ENDHEADER
300.3450820397071 4.808024319284022
298.28393808910846 9.69958175196505
296.22279413850987 4.82692570927709
294.16165018791116 6.603864757915237
292.1005062373126 8.378766755277029
290.0393622867139 9.424853109561935
287.9782183361153 4.994635854986329
285.9170743855166 4.649118616958299
283.855930434918 4.240386252169368
281.7947864843194 2.505256582115868
279.7336425337207 4.419825383711066
277.67249858312204 1.2341937035445834
275.61135463252344 2.7592579701766264
273.5502106819248 1.3613537540896514
271.48906673132615 2.895185453852435
269.4279227807275 2.9772798353839183
267.36677883012885 0.09346610726897957
265.30563487953026 0.5222347570641203
263.24449092893155 1.6329463729210338
261.18334697833296 0.1918317764533644
259.1222030277343 1.6183946819273223
257.06105907713567 4.781135892377187
254.99991512653702 2.4576664371471875
252.93877117593837 3.920950392370863
250.87762722533975 4.633139883960419
248.8164832747411 1.0348913804691944
246.75533932414248 2.0764417622272506
244.6941953735438 3.6419439232383826
242.63305142294516 2.9355815137715378
240.57190747234654 1.9320282702669906
238.5107635217479 2.364722471166059
236.44961957114927 1.2921709094690792
234.3884756205506 4.712237423128727
232.32733166995197 1.616841701979349
230.26618771935333 1.7546334485839499
228.2050437687547 1.2539431229610045
226.14389981815606 1.56205152678763
224.0827558675574 3.3546523644151423
222.02161191695876 6.757064874620775
219.96046796636014 3.4677577910622026
217.8993240157615 5.1395113456344275
215.83818006516285 2.554519404256071
213.7770361145642 2.9447234610700828
211.71589216396558 4.303238874790394
209.65474821336693 7.2112906568454616
207.5936042627683 4.0078232923040495
205.53246031216963 5.5066116884496665
203.47131636157098 2.1548150817790455
201.41017241097236 2.6524720174680656
199.34902846037372 2.689876700622144
197.28788450977507 3.6541744593811423
195.22674055917642 4.60690696688837
193.16559660857777 3.9423969629999434
191.10445265797912 1.1986284319076357
189.0433087073805 0.7129413231177674
186.98216475678186 4.68028337908326
184.9210208061832 4.941749722917227
182.85987685558456 5.809735530102004
180.79873290498594 7.447921453750673
178.7375889543873 5.872378704815251
176.67644500378867 4.8186362826668985
174.61530105319 5.383276751841759
172.55415710259138 5.220154989909954
170.49301315199273 5.559728163093389
168.43186920139408 3.9121877011081794
166.37072525079546 2.9326725140317293
164.30958130019678 6.506988226241517
162.24843734959816 3.153171118774751
160.18729339899951 5.057619175608142
158.1261494484009 4.848418449162451
156.06500549780225 0.22696282043057142
154.0038615472036 3.152507256759385
151.94271759660495 5.463371695540137
149.88157364600633 3.3994072772007407
147.82042969540768 3.0135501462503647
145.75928574480903 2.3899092597159886
143.6981417942104 5.538839139443864
141.63699784361177 3.228552997651162
139.57585389301312 7.398147781014989
137.5147099424145 4.070010963482162
135.45356599181582 4.986034302063485
133.3924220412172 4.844202852738224
131.33127809061855 4.906671383886447
129.2701341400199 4.961439805032065
127.20899018942127 6.372396565930751
125.14784623882264 4.826693439004509
123.08670228822399 7.24308310464986
121.02555833762536 4.533995039605311
118.96441438702671 4.5082289043640245
116.90327043642807 3.2398588892811095
114.84212648582944 5.436597331870647
112.78098253523079 4.236703376142075
110.71983858463214 4.356417103140463
108.6586946340335 6.033034755414299
106.59755068343486 2.5608499088148986
104.53640673283621 2.4769163700714687
102.47526278223758 4.415762036662437
100.41411883163894 2.3147175113606857
98.35297488104031 3.2608179476021864
96.29183093044166 5.6307579117373505
94.23068697984303 5.832143794759263
92.1695430292444 5.600578043927895
90.10839907864575 4.045091738457886
88.04725512804711 4.5996945466418575
85.98611117744846 5.530449334942794
83.92496722684983 5.483059345914402
81.86382327625118 6.40770592623467
79.80267932565255 6.581460592187335
77.74153537505391 5.0068137945476945
75.68039142445527 6.728841253586287
73.61924747385663 6.492967012939629
71.55810352325797 6.608163714044035
69.49695957265934 4.517148956220729
67.43581562206069 5.645131882919831
65.37467167146205 9.240644258778435
63.31352772086341 8.763155771859212
61.25238377026477 7.521816571959005
59.19123981966614 3.8416894426147636
57.130095869067496 11.016288629136435
55.068951918468855 10.780803263394679
53.007807967870214 11.528864679515367
50.94666401727157 9.16236284335502
48.88552006667293 14.07329543145904
46.82437611607429 11.564272575926957
44.76323216547565 13.008051593942493
42.702088214877 15.745172367317254
40.64094426427836 15.86496422067865
38.57980031367972 16.98981658205528
36.51865636308108 23.33341751537925
34.457512412482444 23.07534479634505
32.3963684618838 29.7323136257165
30.335224511285162 39.10739552230172
28.274080560686517 44.84728929878959
26.212936610087876 51.38367789583836
24.15179265948924 71.8221851004356
22.090648708890598 83.03397165302343
20.029504758291953 96.22727676053312
17.968360807693315 107.83448058169625
15.907216857094674 115.70608044314979
13.846072906496033 123.30606052078288
11.784928955897394 124.8042326458072
9.723785005298753 136.49605979003394
7.662641054700113 138.70315861492884
5.601497104101472 127.08170009342389
3.540353153502831 121.80225664854034
1.47920920290419 105.84195459197346
-0.5819347476944509 93.83052780071552
-2.6430786982930914 81.1021192592831
-4.704222648891732 63.83098302710221
-6.765366599490373 54.32190124516936
-8.826510550089013 56.11519931154312
-10.887654500687654 52.135965292545144
-12.948798451286297 49.97261646359642
-15.009942401884937 44.03170922363863
-17.071086352483576 41.22923501116027
-19.13223030308222 34.43388991203844
-21.19337425368086 36.07768818159836
-23.2545182042795 30.644231774579946
-25.31566215487814 27.51626160574873
-27.37680610547678 24.3427618204346
-29.437950056075426 21.47007167828065
-31.499094006674063 19.186688335850146
-33.560237957272705 18.720950176931836
-35.621381907871346 19.4417212870813
-37.68252585846999 19.22710904449077
-39.74366980906863 21.859345804003187
-41.80481375966727 21.67242207615247
-43.86595771026591 18.50535350109613
-45.92710166086455 23.463327203191817
-47.988245611463185 27.85187314565418
-50.049389562061826 28.41791801992999
-52.11053351266046 29.100065959898163
-54.17167746325911 35.08017811261659
-56.23282141385775 38.12577902406874
-58.29396536445639 48.39213318658967
-60.35510931505503 47.51862338451307
-62.41625326565367 53.194959032290555
-64.47739721625231 55.39023114216083
-66.53854116685095 57.551417536010206
-68.5996851174496 57.83773936244627
-70.66082906804823 52.73756393610742
-72.72197301864686 50.93094866127718
-74.78311696924551 42.68992985386548
-76.84426091984415 34.81924333082168
-78.9054048704428 29.61301926731035
-80.96654882104143 27.687053105018805
-83.02769277164009 24.37247298640678
-85.08883672223872 24.39138183975434
-87.14998067283736 20.289956513025363
-89.211124623436 20.451967353911307
-91.27226857403464 18.09568229889751
-93.33341252463329 15.86444999289496
-95.39455647523192 17.157190679078496
-97.45570042583057 13.725916849585987
-99.51684437642922 13.245110264799658
-101.57798832702785 16.28653083246447
-103.6391322776265 14.407629685964086
-105.70027622822514 11.995770976894914
-107.76142017882377 16.200274454072765
-109.82256412942242 12.242653241390302
-111.88370808002105 13.4476162542467
-113.9448520306197 13.449972090521054
-116.00599598121833 11.441254390484149
-118.06713993181698 10.389409105144818
-120.12828388241563 9.617324625153934
-122.18942783301426 10.211145279004123
-124.25057178361291 11.228290795758115
-126.31171573421155 11.630917611691482
-128.37285968481018 12.059259564245524
-130.43400363540883 10.364899932489825
-132.49514758600745 9.509213071949036
-134.5562915366061 10.621497283456442
-136.61743548720474 9.352477682568432
-138.6785794378034 9.490500642702028
-140.73972338840204 11.280757263941652
-142.80086733900066 9.453952661588339
-144.86201128959934 14.687862218208993
-146.92315524019796 11.734515203482687
-148.9842991907966 10.575579123571993
-151.04544314139522 12.347358221992677
-153.10658709199387 6.842454214703325
-155.16773104259252 13.594995730373943
-157.22887499319117 10.474840781622728
-159.2900189437898 10.778475213213891
-161.35116289438844 10.669120099322573
-163.41230684498706 9.084262183559268
-165.47345079558573 15.128224622545154
-167.53459474618435 11.86613783669817
-169.595738696783 15.699273103482453
-171.65688264738162 11.390727523441777
-173.7180265979803 12.76735149862855
-175.77917054857892 13.109657436796827
-177.84031449917757 14.054823860410483
-179.90145844977621 13.324233813929366
-181.96260240037483 9.53162980490795
-184.0237463509735 13.267188492195958
-186.08489030157213 10.987543381600547
-188.14603425217078 13.253137164234756
-190.2071782027694 16.015355679969947
-192.26832215336805 12.503812177884326
-194.3294661039667 8.81305059393794
-196.39061005456534 11.249215238564107
-198.45175400516393 13.221723524207235
-200.5128979557626 10.564764315663018
-202.57404190636123 14.067344998707611
-204.63518585695988 10.91078339308262
-206.6963298075585 10.918407215931976
-208.75747375815715 10.633380543992804
-210.8186177087558 8.067232337089033
-212.87976165935444 11.567587313066252
-214.94090560995306 10.100059518344057
-217.0020495605517 9.698565653769474
-219.06319351115036 11.270515352548726
-221.124337461749 8.181625178297068
-223.18548141234766 8.86677053640213
-225.24662536294628 7.408354348925333
