# BEGINHEADER
# This file contains data from the SALSA 2m radio telescope.
# DATE=2023-03-31T08:28:0057
# GLON and GLAT given in degrees
# GLON=68.80835011921963
# GLAT=0.11150324721991065
# DATA in two columns below. Col. 1 is velocity relative to LSR [km/s]. Col. 2 is uncalibrated antenna temperature [K].
# ENDHEADER
298.89254115362024 5.832148200969954
296.8313972030216 9.678483645010958
294.7702532524229 6.766184472347935
292.7091093018243 4.376715414341219
290.64796535122565 4.125375905149389
288.58682140062706 -0.36165874641797235
286.52567745002835 0.8866084397124564
284.4645334994297 3.213942908441664
282.4033895488311 1.610768336590665
280.3422455982324 3.0563926823705083
278.28110164763376 7.418856857162298
276.21995769703517 1.0435412793661032
274.1588137464365 0.16678800060510734
272.0976697958379 -0.19808140697793897
270.0365258452392 4.175242244122782
267.9753818946406 1.437879086931978
265.914237944042 -0.5617475755371767
263.8530939934433 -1.674583662385371
261.7919500428447 0.4221802043380637
259.73080609224604 3.9887268632976847
257.6696621416474 0.641471520394503
255.60851819104877 5.156404813121827
253.5473742404501 1.806302801934812
251.48623028985148 5.314277057319941
249.42508633925283 7.053721881569251
247.3639423886542 -0.34403633817767115
245.30279843805556 2.4768496730620235
243.2416544874569 2.901884102576018
241.18051053685826 4.385272133118529
239.11936658625962 2.821345643884445
237.058222635661 0.6226877328854874
234.99707868506232 3.0426238349409376
232.9359347344637 5.549271347246918
230.87479078386505 2.877709877009697
228.81364683326643 5.363040479899863
226.75250288266778 1.0007037504447005
224.69135893206914 0.7525740381323093
222.6302149814705 3.67151970244212
220.56907103087187 2.479319589928679
218.50792708027322 1.3329630859429957
216.4467831296746 4.16161336055283
214.38563917907592 0.46424137076755473
212.3244952284773 1.801646723558974
210.26335127787866 0.865331127639629
208.20220732728004 0.7185164425726835
206.1410633766814 1.308421212331205
204.07991942608274 2.956264191389805
202.0187754754841 2.8772754344081664
199.95763152488544 3.334871704451705
197.89648757428682 1.8074867019682574
195.83534362368815 1.5851937910580465
193.77419967308953 4.768734544284767
191.71305572249088 6.219499039810711
189.65191177189226 3.613773246911416
187.5907678212936 6.554112699033638
185.52962387069496 3.0378675256172807
183.4684799200963 2.701268120318455
181.4073359694977 4.200437975298256
179.34619201889905 2.9212709467638422
177.28504806830043 2.8860067780239196
175.22390411770175 2.060561859609883
173.16276016710313 0.5416229585296403
171.10161621650448 5.271839935909595
169.04047226590586 4.743058780085088
166.97932831530719 3.0456914437617777
164.91818436470854 1.2114903032954252
162.85704041410992 1.3714970729775133
160.79589646351127 3.1104578528895117
158.73475251291265 2.0393377855371333
156.67360856231397 3.872475057688788
154.61246461171535 4.271253089150836
152.5513206611167 1.3130044170823636
150.49017671051809 1.9143606447969728
148.42903275991944 0.25905113225137805
146.3678888093208 5.005874375463366
144.30674485872214 6.888291960836905
142.24560090812352 3.510275197139632
140.18445695752487 3.881925603121403
138.12331300692622 3.9747656848860666
136.06216905632758 1.8084551865335365
134.00102510572896 0.6808489554192465
131.9398811551303 5.947602359342919
129.87873720453166 4.6903236428273525
127.81759325393303 2.2785823835975725
125.75644930333438 6.776005421047853
123.69530535273574 6.4717195790602435
121.63416140213711 4.022367269680246
119.57301745153846 2.982135604809232
117.51187350093983 5.505880282678834
115.45072955034118 6.174226437624381
113.38958559974255 5.399897754452466
111.3284416491439 1.791118531731822
109.26729769854526 2.9722264919630637
107.20615374794663 8.664050977784324
105.14500979734797 6.347197892987908
103.08386584674933 4.864429348314244
101.02272189615068 5.082147833456128
98.96157794555204 4.623138967497952
96.9004339949534 6.342605920102291
94.83929004435475 2.6004418257899404
92.77814609375612 4.342471107810206
90.71700214315747 7.984678621264176
88.65585819255884 5.215602787410148
86.5947142419602 5.5653674170432526
84.53357029136156 2.621463714810215
82.47242634076292 3.172426758728453
80.41128239016427 4.987980131832856
78.35013843956564 10.676788812177566
76.28899448896699 8.87029863497635
74.22785053836836 5.607916768631973
72.16670658776972 5.432074331947109
70.10556263717108 4.952379830912961
68.04441868657243 9.256339908954322
65.98327473597378 5.194756180577594
63.92213078537515 7.027909295094065
61.86098683477651 9.445697868429233
59.79984288417787 6.9630332444161755
57.73869893357922 7.177299797886329
55.67755498298058 7.611084212872211
53.61641103238195 6.539058796941312
51.555267081783306 6.878432487657818
49.49412313118467 7.217797131344236
47.43297918058603 6.79994523075015
45.37183522998739 10.81144528515979
43.31069127938875 10.860813063623192
41.24954732879011 11.012476670726308
39.18840337819146 11.157656557028508
37.127259427592826 10.920024219163432
35.066115476994185 11.018321430245148
33.00497152639554 15.959302747490742
30.943827575796902 21.276136060749938
28.88268362519826 26.014282074164615
26.821539674599624 35.004129067122435
24.760395724000983 43.46309131889604
22.699251773402338 52.13932365112127
20.638107822803697 66.06575774797294
18.57696387220506 83.99289943911242
16.51581992160642 100.93367699546273
14.454675971007777 119.78875037244161
12.393532020409134 129.33333540218658
10.332388069810493 141.37135543922832
8.271244119211854 150.4219061913621
6.210100168613212 149.04865718930074
4.148956218014573 143.6283268270848
2.0878122674159307 128.51484267602953
0.02666831681729019 109.6717283396309
-2.0344756337813505 96.00991952745541
-4.095619584379991 82.81911559800086
-6.156763534978633 68.07482045987064
-8.217907485577275 59.165561007243575
-10.279051436175914 47.73288746471996
-12.340195386774555 50.93088743723864
-14.401339337373194 46.58150605838257
-16.462483287971835 43.82793924556846
-18.523627238570477 44.222423108812926
-20.584771189169118 36.74805460839226
-22.645915139767755 38.140604010759866
-24.7070590903664 36.723038755086236
-26.76820304096504 32.975200277583774
-28.82934699156368 28.94887328898926
-30.89049094216232 22.51594597561353
-32.95163489276096 22.502111673726205
-35.0127788433596 19.52745057392923
-37.07392279395824 17.619656487447667
-39.13506674455689 16.249249108023204
-41.19621069515553 19.286636634104767
-43.25735464575417 20.02757941404404
-45.31849859635281 19.672992683752767
-47.379642546951445 24.500645939468217
-49.440786497550086 27.627033277657773
-51.501930448148734 31.231853982536453
-53.563074398747375 32.26616265899412
-55.624218349346016 37.77310677560329
-57.68536229994466 44.84136690242331
-59.7465062505433 46.906142180424204
-61.80765020114194 50.58096826107833
-63.86879415174058 54.34332160389093
-65.92993810233922 58.1408718388168
-67.99108205293786 57.94489225256946
-70.0522260035365 56.12133641402164
-72.11336995413514 52.78598652471412
-74.17451390473379 48.38868021460346
-76.23565785533242 44.55413728444512
-78.29680180593105 33.359605276625
-80.3579457565297 26.66588682164237
-82.41908970712834 20.41614394603137
-84.48023365772698 20.380943292054976
-86.54137760832563 20.782184238399243
-88.60252155892428 17.34034386181355
-90.66366550952291 16.348380112014144
-92.72480946012155 16.448180865822962
-94.7859534107202 15.855711429484398
-96.84709736131883 15.968362776196017
-98.90824131191748 12.280682639635303
-100.9693852625161 10.70438716719608
-103.03052921311475 12.302599638315167
-105.09167316371338 14.15323778703553
-107.15281711431203 12.42725989900649
-109.21396106491066 12.568788108051292
-111.2751050155093 11.455142753793417
-113.33624896610795 11.456284261435497
-115.39739291670658 11.958482584128822
-117.45853686730523 9.641156513857094
-119.51968081790386 10.27769404309986
-121.58082476850251 8.969415303516262
-123.64196871910114 9.113092661193026
-125.70311266969978 9.490724866835107
-127.76425662029844 10.638990123471547
-129.82540057089707 10.486400316250833
-131.8865445214957 10.140086165398758
-133.94768847209437 10.066040729339194
-136.008832422693 10.112335745794946
-138.06997637329164 10.300037460023033
-140.13112032389026 7.258034519711594
-142.1922642744889 12.107228673058719
-144.25340822508755 9.45732398544113
-146.3145521756862 8.14841109967579
-148.37569612628485 10.571163366431996
-150.43684007688347 10.036050505359338
-152.49798402748215 12.674990126006758
-154.55912797808077 11.203172068896224
-156.62027192867941 9.762620694400148
-158.68141587927803 11.878334333285018
-160.74255982987668 11.558074201927228
-162.80370378047533 10.471391065600159
-164.86484773107398 9.07004789301119
-166.9259916816726 9.503314202706061
-168.98713563227125 10.1448308541751
-171.04827958286987 11.658229676523225
-173.10942353346854 7.82395228676823
-175.17056748406716 8.485513921295919
-177.2317114346658 6.43606708292619
-179.29285538526443 12.202867417484947
-181.35399933586308 11.881429561078663
-183.41514328646176 10.572927201739615
-185.47628723706038 12.900317557175907
-187.53743118765902 11.163234361084957
-189.59857513825764 13.458073983332222
-191.65971908885632 11.271949385624671
-193.72086303945494 11.115402739680961
-195.7820069900536 13.520567028253582
-197.8431509406522 12.48120770608516
-199.90429489125086 10.557401478230178
-201.9654388418495 7.93398195979018
-204.02658279244815 13.182028574955531
-206.08772674304677 12.507821178757975
-208.14887069364542 11.212036451935171
-210.21001464424404 6.329818185628432
-212.27115859484272 14.457573581860219
-214.33230254544134 11.595387191069602
-216.39344649603999 6.488789713593193
-218.4545904466386 10.910512329047467
-220.51573439723728 10.04439721930141
-222.57687834783593 8.513482585314138
-224.63802229843455 4.9720181284994736
-226.6991662490332 7.52753445194493
