# BEGINHEADER
# This file contains data from the SALSA 2m radio telescope.
# DATE=2023-03-31T08:36:0033
# GLON and GLAT given in degrees
# GLON=71.87260404062361
# GLAT=0.09352358659434612
# DATA in two columns below. Col. 1 is velocity relative to LSR [km/s]. Col. 2 is uncalibrated antenna temperature [K].
# ENDHEADER
297.2889451886846 3.010224161990541
295.22780123808593 2.822476024114286
293.1666572874873 2.0866253181367753
291.10551333688863 6.60508655108634
289.04436938629004 1.9345856679155997
286.9832254356914 1.4614234895143186
284.9220814850927 1.8023478094014744
282.8609375344941 2.303161312228547
280.79979358389545 2.6561018972290125
278.73864963329675 3.0742372155258786
276.67750568269815 0.6942681628833386
274.6163617320995 -0.6936831480185353
272.5552177815009 1.697945411403275
270.4940738309022 2.4197658053723683
268.43292988030356 1.4098626344898817
266.37178592970497 4.60512827298559
264.3106419791063 0.027474266053139886
262.2494980285077 -0.438302738716817
260.188354077909 1.8869444246504334
258.1272101273104 2.990693097341416
256.0660661767118 0.35101328391588504
254.0049222261131 2.328327918017147
251.94377827551446 3.485450524493156
249.88263432491584 4.442705350152015
247.8214903743172 2.44002219839872
245.76034642371857 1.8464707804026672
243.6992024731199 0.7235979363336579
241.63805852252125 -1.11165247658233
239.57691457192263 3.2941910015883313
237.51577062132398 0.9511070979451783
235.45462667072536 -1.1525233815561755
233.39348272012668 0.6958150794794863
231.33233876952806 4.073354123415978
229.27119481892942 0.6206045578254574
227.2100508683308 3.6798460833671554
225.14890691773212 -0.5738931272067049
223.0877629671335 -1.0857054517411258
221.02661901653485 3.8187413390442835
218.96547506593623 4.432390761416957
216.90433111533758 1.7756993636607292
214.84318716473894 0.01783210612392125
212.7820432141403 3.0712166748316103
210.72089926354167 1.6199799882517654
208.65975531294302 -0.11334668851678367
206.5986113623444 0.9584670755433125
204.53746741174572 2.805991277242009
202.47632346114708 0.4142458479240038
200.41517951054846 1.3502628495882452
198.3540355599498 1.9979035681661228
196.2928916093512 1.1748033017810209
194.23174765875254 2.0480118261226496
192.17060370815392 4.657163042991413
190.10945975755527 3.7890877166717343
188.04831580695662 2.160638189423253
185.98717185635797 1.2408744045883011
183.92602790575936 3.6485814001700527
181.8648839551607 5.925219499230045
179.8037400045621 2.8830270972001166
177.7425960539634 0.27629419904993996
175.6814521033648 5.156422367127316
173.62030815276614 2.6822526248028535
171.55916420216752 3.900332498044641
169.49802025156885 4.149899035861887
167.43687630097023 2.742817340212991
165.37573235037158 2.23700502848351
163.31458839977293 0.9700361622881454
161.2534444491743 2.8947842244386797
159.19230049857563 2.8884660322520648
157.131156547977 2.733611569655494
155.07001259737837 3.3600436495202515
153.00886864677975 4.829366107057285
150.9477246961811 4.517360702529867
148.88658074558245 3.7874834095223804
146.8254367949838 4.477261763863002
144.76429284438518 4.148432453545037
142.70314889378653 2.237494531059786
140.64200494318789 3.047089730213586
138.58086099258924 6.287031061814791
136.51971704199062 5.060361907802829
134.45857309139197 3.7358219308182314
132.39742914079335 2.8752597195761576
130.3362851901947 2.4208941021278054
128.27514123959605 5.766001018437732
126.2139972889974 3.5489931884492045
124.15285333839877 3.8784057630976485
122.09170938780012 4.636637977475904
120.03056543720149 3.002266191460686
117.96942148660284 2.4834754192330637
115.9082775360042 6.140439713806617
113.84713358540556 6.51468796867978
111.78598963480692 6.555505952933094
109.72484568420829 4.3327893977446115
107.66370173360963 2.135479844123954
105.602557783011 3.6457690949645465
103.54141383241235 3.099465504767652
101.48026988181371 1.0042004606040371
99.41912593121506 0.6811584386053825
97.35798198061643 0.704769829115701
95.2968380300178 5.152433369382515
93.23569407941915 3.870766120087848
91.17455012882051 2.89789103530557
89.11340617822187 3.536572880343379
87.05226222762323 3.2492365676771495
84.99111827702458 5.88690032013927
82.92997432642595 5.184599027595881
80.86883037582732 4.02689709059558
78.80768642522867 7.05668090724543
76.74654247463003 6.426854288922762
74.68539852403138 5.293533459630101
72.62425457343275 6.2138767279934255
70.56311062283412 6.435781274442595
68.50196667223545 6.0155847714042325
66.44082272163682 5.496893081729311
64.37967877103817 4.4306825198844
62.318534820439545 4.2790361691311425
60.257390869840904 6.089686740467165
58.196246919242256 5.916534366216728
56.135102968643615 8.24653239581566
54.073959018044974 7.071611372675219
52.01281506744633 6.740936797874638
49.9516711168477 6.857382254155263
47.89052716624906 5.674759326894879
45.82938321565042 8.623147343798845
43.768239265051776 7.142637386962697
41.707095314453134 6.529289203932799
39.645951363854486 8.726205535256934
37.584807413255845 8.72860103100687
35.52366346265721 6.955277577530982
33.46251951205857 12.39632205458714
31.40137556145993 14.029453119434518
29.340231610861288 13.632289656199013
27.279087660262647 16.1011066952156
25.217943709664006 27.7121439182875
23.15679975906536 37.901730309408244
21.09565580846672 44.000861656285444
19.034511857868083 60.1531173214302
16.97336790726944 76.22099554268014
14.9122239566708 93.06016531554693
12.851080006072158 114.08881579858419
10.789936055473518 134.3126281242024
8.728792104874877 145.1666061546669
6.667648154276236 151.19913280658017
4.606504203677595 155.92459501429312
2.5453602530789543 149.74163959886664
0.48421630248031383 134.86041860595108
-1.576927648118327 120.50682152625404
-3.638071598716968 105.4243642972001
-5.699215549315609 88.914674047479
-7.760359499914249 70.34366138282519
-9.821503450512889 61.02545509619519
-11.882647401111532 55.796585309574105
-13.943791351710171 48.802763246061325
-16.004935302308812 46.327849335532875
-18.066079252907453 41.12885956503165
-20.127223203506095 42.89460631978766
-22.188367154104732 41.78886167063384
-24.249511104703377 40.991520133703894
-26.310655055302014 45.861777983103366
-28.371799005900655 38.25243713145679
-30.432942956499293 29.428891561337647
-32.49408690709794 33.0936462394061
-34.55523085769657 26.617479929042652
-36.61637480829521 23.408548681295954
-38.67751875889386 29.6533291414267
-40.7386627094925 23.93289677809547
-42.79980666009114 22.331749326299942
-44.860950610689784 20.587644266671134
-46.92209456128842 23.05142167594292
-48.98323851188706 26.275302503004113
-51.0443824624857 32.63914843347656
-53.10552641308434 32.75248677001581
-55.16667036368298 34.55542153235809
-57.22781431428163 42.709950179190216
-59.28895826488027 38.243636590115806
-61.350102215478906 45.57272557304488
-63.41124616607755 49.223921486325345
-65.47239011667618 51.657975834948424
-67.53353406727483 50.78244442159175
-69.59467801787346 56.06706433801756
-71.65582196847211 52.395017724744044
-73.71696591907074 52.88593754578515
-75.7781098696694 44.35495726197799
-77.83925382026803 37.93029931412879
-79.90039777086668 33.14531480223049
-81.96154172146531 28.227859875624787
-84.02268567206394 25.665598341365325
-86.0838296226626 21.398437886610942
-88.14497357326124 18.747627216414493
-90.20611752385989 13.726440147652736
-92.26726147445852 12.737244757579907
-94.32840542505717 13.824774171447853
-96.3895493756558 15.550757572998874
-98.45069332625444 13.481665079957935
-100.51183727685309 13.311450756702197
-102.57298122745172 11.541189980030714
-104.63412517805037 10.58317993452062
-106.695269128649 12.544741075701124
-108.75641307924764 11.116004776884802
-110.81755702984628 11.676397501523843
-112.87870098044492 13.319075979380806
-114.93984493104357 9.663599861641396
-117.0009888816422 8.324934375023618
-119.06213283224085 12.143488882719376
-121.12327678283948 12.910201542791727
-123.18442073343812 7.835314879186927
-125.24556468403678 9.765595386358283
-127.30670863463541 10.535907396740248
-129.36785258523406 9.741193776602017
-131.4289965358327 7.2437463233603365
-133.49014048643133 7.726131288063424
-135.55128443702998 11.31744121490664
-137.6124283876286 7.773957959542023
-139.67357233822725 10.330454912806527
-141.7347162888259 8.010754202446794
-143.79586023942454 9.73855524586094
-145.8570041900232 14.064086790096109
-147.9181481406218 8.811928951743152
-149.9792920912205 7.204131190767257
-152.0404360418191 7.615697221794158
-154.10157999241775 7.421300811694047
-156.16272394301637 9.491559523564245
-158.22386789361502 7.4858654379195535
-160.28501184421367 13.798185731853103
-162.34615579481232 7.730635782536349
-164.40729974541094 9.651975004706301
-166.4684436960096 8.800060341309182
-168.5295876466082 7.679852622712735
-170.59073159720688 11.036640319804475
-172.6518755478055 9.812135154210097
-174.71301949840415 8.640592797779334
-176.77416344900277 10.291706150181698
-178.83530739960142 7.236234700717656
-180.89645135020007 9.47191058633049
-182.95759530079872 7.981379076676335
-185.01873925139736 9.889134560561729
-187.07988320199598 11.305177908371812
-189.14102715259466 10.2000679935584
-191.20217110319328 7.258288399923151
-193.26331505379193 9.712065771781068
-195.32445900439055 5.665876920440977
-197.3856029549892 9.378010372828008
-199.44674690558784 10.313722221292261
-201.50789085618652 9.87496997752672
-203.56903480678514 12.430878961831885
-205.6301787573838 10.726470089398282
-207.6913227079824 9.759187490656537
-209.75246665858106 9.570523632539258
-211.8136106091797 11.116687677670532
-213.87475455977835 11.198202379187487
-215.93589851037697 6.488307675497749
-217.99704246097562 5.332106321749635
-220.05818641157424 7.378898931165042
-222.11933036217292 10.587144314728178
-224.18047431277157 6.1602983573874095
-226.24161826337019 5.700956203258765
-228.30276221396883 5.376942142876403
