# BEGINHEADER
# This file contains data from the SALSA 2m radio telescope.
# DATE=2023-03-31T08:42:0057
# GLON and GLAT given in degrees
# GLON=74.83535383428706
# GLAT=0.08023472201918086
# DATA in two columns below. Col. 1 is velocity relative to LSR [km/s]. Col. 2 is uncalibrated antenna temperature [K].
# ENDHEADER
295.65095641974335 1.2677321490287616
293.5898124691447 2.1599623224065074
291.5286685185461 -2.5805529206204896
289.46752456794746 -0.4409572276563919
287.40638061734876 -3.967414801727715
285.34523666675017 -1.0644898898410298
283.2840927161515 0.4560962111913797
281.22294876555287 -3.271277529480257
279.1618048149542 -4.610272254261124
277.1006608643556 -0.7966669957682123
275.039516913757 1.3318430546159752
272.9783729631583 -1.9142671346902673
270.9172290125597 2.7424992983209644
268.85608506196104 1.1578552471205503
266.7949411113624 -1.9170660320704267
264.73379716076374 -5.894416031929986
262.6726532101651 -0.6395247117353114
260.61150925956645 -1.6111014834160355
258.55036530896786 -3.742723896222672
256.4892213583692 -1.9710896692909965
254.42807740777053 -2.0420847319589646
252.3669334571719 -4.448905346742565
250.30578950657326 -2.3197763621953884
248.24464555597464 0.7731367834168509
246.183501605376 -3.128303865905816
244.12235765477732 -4.0108883859533275
242.0612137041787 -3.0622967703635275
240.00006975358005 -4.046357643610341
237.93892580298143 -3.1962249442966333
235.87778185238278 -2.0545713861589996
233.81663790178413 -2.5373795707364737
231.75549395118549 -1.9651795010704811
229.69435000058687 -1.0436495043454304
227.63320604998822 -3.6917030831807973
225.57206209938957 -5.178731080353348
223.51091814879092 -2.458423451579918
221.4497741981923 -0.32843681391871987
219.38863024759365 -1.5149333561969314
217.32748629699503 -1.0558328810783735
215.26634234639636 -0.4277451545361275
213.20519839579774 -0.7841633950605638
211.1440544451991 -1.8286226655841327
209.08291049460047 0.29698214214784074
207.02176654400182 -0.548733122401108
204.96062259340314 -0.417390941737326
202.89947864280452 -2.7471715691875365
200.83833469220588 -1.6696313149365596
198.77719074160726 0.3777221559315781
196.71604679100858 -3.314840607235782
194.65490284040996 -1.2863757612242526
192.5937588898113 -1.332147389648079
190.5326149392127 -3.19391834509013
188.47147098861404 1.0395863767893414
186.4103270380154 0.7034189038680251
184.34918308741675 -0.21882416896889628
182.28803913681813 -0.48847821320138496
180.22689518621948 -0.7884669783482061
178.16575123562086 -3.0225716554169058
176.10460728502218 0.8794927783193454
174.04346333442356 -1.5486912830412383
171.98231938382492 -1.9684048136936612
169.9211754332263 -0.7438686354251843
167.86003148262762 0.028891541937926143
165.79888753202897 -0.044493984317485455
163.73774358143035 -0.7522815495393985
161.6765996308317 -2.653239463854176
159.61545568023308 1.9559425320541801
157.5543117296344 1.157365158274472
155.4931677790358 1.6085363009299245
153.43202382843714 -0.2851584713265316
151.37087987783852 -1.6905755363537869
149.30973592723987 -2.671329234523369
147.24859197664122 1.69321286730412
145.18744802604257 -0.6449592412644239
143.12630407544395 2.363869243731912
141.0651601248453 -0.9531906231073264
139.0040161742467 -1.8397784710797367
136.942872223648 -2.662387005087254
134.8817282730494 -0.625800380143313
132.82058432245074 2.724598741799367
130.7594403718521 -3.569524316983193
128.69829642125347 0.8414646203581101
126.63715247065481 -0.9341813142384863
124.57600852005618 1.6164955390576299
122.51486456945754 3.0882898356975605
120.4537206188589 0.7648059523823829
118.39257666826026 3.6804421759672925
116.33143271766161 3.4224254200001902
114.27028876706298 6.451610306497774
112.20914481646433 2.180046180804269
110.1480008658657 -1.5190548852227268
108.08685691526705 -0.7996018284435695
106.0257129646684 -1.0929845763107007
103.96456901406977 1.3462397735182716
101.90342506347112 -2.0778159405748102
99.84228111287248 2.6593182034008547
97.78113716227385 3.759092971011778
95.7199932116752 4.974121141068127
93.65884926107657 1.7692379285504796
91.59770531047792 3.143422568120029
89.53656135987929 1.1194679474054006
87.47541740928064 1.4275048469588993
85.414273458682 -0.2831139003473544
83.35312950808337 -1.0230166903268898
81.29198555748472 -1.6236356530308096
79.23084160688609 2.134375223967857
77.16969765628744 1.1589098639278115
75.1085537056888 1.5084672683544014
73.04740975509016 4.2871870139294215
70.98626580449152 3.9862744835402752
68.92512185389288 5.493445209833588
66.86397790329423 0.2723263608853448
64.8028339526956 2.810533698436121
62.74169000209696 1.4770126869527394
60.68054605149831 4.214827397102826
58.61940210089967 7.306752913987926
56.55825815030103 1.3781385002121354
54.49711419970239 1.5480690949567617
52.43597024910375 4.0963072804454015
50.374826298505106 5.086171968872239
48.31368234790647 2.4825120937903344
46.25253839730783 6.132323110992827
44.1913944467092 3.5243750476858513
42.130250496110556 5.5076952523971165
40.06910654551191 3.6916092048680387
38.007962594913266 3.480700104471043
35.946818644314625 5.514482570139284
33.885674693715984 1.9741779837901114
31.824530743117347 5.938000185232837
29.763386792518705 8.425397335043678
27.702242841920068 10.542321322765737
25.641098891321423 16.021570065868108
23.579954940722782 20.199109302468766
21.518810990124145 27.524406057937785
19.457667039525504 38.82566690128789
17.396523088926862 55.04655060565114
15.335379138328221 69.43632221398744
13.274235187729579 90.27679113228865
11.213091237130937 110.64367464340962
9.151947286532296 131.91536916576615
7.090803335933656 141.84045195499115
5.029659385335016 143.26150456829095
2.968515434736375 145.18364883300598
0.9073714841377342 141.3111183725693
-1.1537724664609066 130.18654411369369
-3.214916417059547 120.45834718006356
-5.276060367658188 104.3630302847722
-7.33720431825683 86.4046462686139
-9.39834826885547 73.59007862709889
-11.459492219454111 59.506714402104244
-13.52063617005275 49.792713084870584
-15.581780120651391 47.41879800962264
-17.642924071250032 43.600475321343346
-19.70406802184867 40.97730962912248
-21.76521197244731 41.01457768394529
-23.826355923045956 46.248658271443595
-25.887499873644597 43.3634755916003
-27.948643824243234 44.86604825280528
-30.009787774841875 44.2397579851097
-32.070931725440516 37.66878706614657
-34.13207567603916 30.139974498871933
-36.193219626637806 26.983454428336533
-38.25436357723644 27.42151371265575
-40.31550752783508 26.993840250072147
-42.37665147843372 23.481780927697802
-44.43779542903236 25.248228622133286
-46.498939379631004 22.303538999641372
-48.560083330229645 25.510053891155803
-50.621227280828286 28.344326572307807
-52.68237123142693 27.62718821628872
-54.74351518202557 28.931222321131578
-56.80465913262422 33.60644346311602
-58.86580308322286 41.44474194969134
-60.9269470338215 38.78801366365739
-62.98809098442013 34.367527937704125
-65.04923493501877 41.66000681910972
-67.11037888561742 45.66110021407179
-69.17152283621606 44.02288735281635
-71.23266678681469 49.48741372950217
-73.29381073741334 48.46382991408927
-75.35495468801197 48.30832789859755
-77.41609863861062 44.18912007598317
-79.47724258920925 40.749751416613314
-81.5383865398079 35.32762621456615
-83.59953049040654 29.478325749518454
-85.66067444100518 25.729933592739716
-87.72181839160383 17.81178087301964
-89.78296234220247 15.194043940102217
-91.84410629280111 14.628769332176976
-93.90525024339975 12.905643106980053
-95.96639419399838 11.34404845499032
-98.02753814459703 11.301892369994624
-100.08868209519567 8.039419182159778
-102.14982604579431 11.003081808765222
-104.21096999639295 8.514460342030926
-106.2721139469916 9.042854777398428
-108.33325789759023 6.836973397169724
-110.39440184818886 9.55147277971466
-112.45554579878751 6.524357127749705
-114.51668974938615 8.149400482942397
-116.5778336999848 10.261847640239543
-118.63897765058343 5.4890881387274915
-120.70012160118208 6.9982300959125
-122.76126555178071 4.006294268672266
-124.82240950237936 4.770182704414203
-126.883553452978 4.294782127060581
-128.94469740357664 7.313814077817206
-131.0058413541753 10.218244301981896
-133.06698530477394 5.262328455047514
-135.12812925537256 7.311599748388726
-137.1892732059712 6.054212616184695
-139.25041715656982 5.7310976097270645
-141.31156110716847 8.04279373446562
-143.37270505776715 5.533947697868276
-145.43384900836577 3.122199554929525
-147.49499295896442 4.109877929002841
-149.55613690956304 7.927073126584965
-151.61728086016169 7.5552697712443475
-153.67842481076033 6.510929362376482
-155.73956876135898 6.594095029284618
-157.8007127119576 9.164810574209566
-159.86185666255625 5.546062042185806
-161.9230006131549 5.885383201912585
-163.98414456375355 7.852990236336205
-166.04528851435217 6.57556906707405
-168.1064324649508 8.45715602214261
-170.16757641554943 7.334979744047821
-172.2287203661481 6.498634855383679
-174.28986431674673 5.7335869531659185
-176.35100826734538 3.658111157815161
-178.412152217944 11.01285417564548
-180.47329616854265 6.35233317922244
-182.53444011914132 3.5559607114159157
-184.59558406973994 9.806723821298649
-186.6567280203386 6.957267805955448
-188.7178719709372 4.1803232076347
-190.7790159215359 8.196563802956364
-192.8401598721345 5.58739104087194
-194.90130382273315 7.387516272144085
-196.96244777333177 7.9007185244445735
-199.02359172393042 7.929653630506057
-201.08473567452907 7.9386856644366945
-203.14587962512772 5.315379979560334
-205.20702357572634 5.802365726888017
-207.268167526325 6.972229003046541
-209.3293114769236 5.805359781938652
-211.39045542752228 3.955567670810671
-213.4515993781209 7.949064961378529
-215.51274332871955 2.9609425120667683
-217.57388727931817 3.7682782806441755
-219.63503122991685 8.14491464018786
-221.6961751805155 4.935795413104542
-223.75731913111412 2.054136875250462
-225.81846308171276 1.351626440125685
-227.87960703231138 2.278622612808766
-229.94075098291006 3.1443918762301726
