# BEGINHEADER
# This file contains data from the SALSA 2m radio telescope.
# DATE=2023-03-31T08:48:0018
# GLON and GLAT given in degrees
# GLON=77.80171059678833
# GLAT=0.09982570222490683
# DATA in two columns below. Col. 1 is velocity relative to LSR [km/s]. Col. 2 is uncalibrated antenna temperature [K].
# ENDHEADER
293.93089014779684 1.5639413546238115
291.8697461971982 2.6878610609498943
289.80860224659955 3.179490651724478
287.7474582960009 0.4086917666630633
285.68631434540225 3.9527367424009494
283.62517039480366 1.8233500668688547
281.56402644420496 -1.2142146409941563
279.50288249360636 2.5478525655857807
277.4417385430077 3.9093824890791784
275.38059459240907 1.341941937420763
273.3194506418104 0.7380231803053748
271.25830669121177 -2.2976166856189506
269.1971627406132 -1.7008247962662726
267.1360187900145 -0.20093521831097386
265.0748748394158 3.3700702154742257
263.01373088881724 -0.43623859057994485
260.9525869382186 2.1152924161576707
258.89144298761994 -3.3168305389343913
256.8302990370213 0.05584900001775698
254.76915508642267 -2.635163467405985
252.708011135824 0.2476994421367644
250.64686718522537 0.13640048646272637
248.58572323462673 -0.036081932573436115
246.5245792840281 1.6756924756971197
244.46343533342946 5.250050419320051
242.4022913828308 -1.8089156078561721
240.34114743223216 2.1693634146876106
238.28000348163354 1.0891523818068276
236.2188595310349 0.4985304926498829
234.15771558043622 2.329321374663136
232.0965716298376 -0.1556747239313024
230.03542767923895 0.183266259217453
227.97428372864033 2.142850798451915
225.91313977804168 3.394453762397407
223.85199582744303 -0.6798208435887925
221.79085187684439 -2.4308851775267883
219.72970792624577 3.3130345652432194
217.66856397564712 2.0826285799030773
215.6074200250485 0.9863292339133013
213.54627607444982 -0.3379428690652127
211.4851321238512 -0.5442226110679568
209.42398817325255 1.1445629080218769
207.36284422265393 3.600365401108858
205.30170027205526 3.2239814184046787
203.24055632145664 -0.2035286069318814
201.179412370858 0.4647612223506763
199.11826842025937 3.520491675979055
197.05712446966072 -2.243565633111602
194.99598051906204 0.49618552586751474
192.93483656846342 2.499956470562454
190.87369261786478 0.7728820114465601
188.81254866726616 0.765728375766573
186.7514047166675 1.9823011383651543
184.69026076606886 -0.18087155905576857
182.6291168154702 -1.1523012664121943
180.5679728648716 3.601376141775041
178.50682891427294 1.6363292956881554
176.44568496367432 1.1967354157506271
174.38454101307565 -0.586111177336709
172.32339706247703 2.1112819872825126
170.26225311187838 2.4280776319112407
168.20110916127976 -0.738130184201452
166.13996521068108 -0.16777787886736217
164.07882126008246 2.8817053069174725
162.01767730948382 5.555147382957804
159.9565333588852 2.725375110850286
157.89538940828655 2.955134674951349
155.83424545768787 3.2068710185155704
153.77310150708925 0.05405853971963637
151.7119575564906 3.4947729467954027
149.65081360589198 3.543869417112077
147.58966965529333 0.737333559464436
145.5285257046947 -0.6627173862796174
143.46738175409604 3.027583322547024
141.40623780349742 0.24787708093954106
139.34509385289877 4.012641812963765
137.28394990230012 0.6904501807601684
135.22280595170147 -0.04286324265947261
133.16166200110285 3.508427160737459
131.1005180505042 2.9859294156873117
129.03937409990556 5.440655498311462
126.97823014930692 4.085945496904421
124.91708619870828 2.6193497616903896
122.85594224810964 0.5802578649167344
120.79479829751101 2.308703161962895
118.73365434691236 0.9680964684907507
116.67251039631373 1.9888610124771249
114.61136644571508 5.654941853831146
112.55022249511644 10.433367732937729
110.4890785445178 4.488041396727749
108.42793459391916 4.409308071194237
106.36679064332053 3.2772344151583597
104.30564669272188 5.144982548122672
102.24450274212325 5.183450675500102
100.1833587915246 2.5726148087527787
98.12221484092593 2.1126126357296746
96.0610708903273 2.7775089627710448
93.99992693972865 2.7046907555027526
91.93878298913002 1.3346223592413635
89.87763903853137 5.163815762887706
87.81649508793274 2.3000971838532784
85.7553511373341 3.1453418313806174
83.69420718673545 3.2656823924044125
81.63306323613682 -0.2714943541444164
79.57191928553817 2.592368613248626
77.51077533493954 6.475563664996745
75.44963138434089 6.527788936766643
73.38848743374226 5.155742526857749
71.32734348314362 3.9800371667716385
69.26619953254497 4.68704094373682
67.20505558194634 1.9287428877918003
65.14391163134769 4.123349117970146
63.08276768074905 8.10497965428001
61.02162373015041 7.4890755433640885
58.96047977955177 3.333302893259913
56.89933582895313 8.501523797943145
54.838191878354486 2.5310926720369316
52.777047927755845 6.386261477162425
50.715903977157204 5.0727929533733525
48.65476002655856 5.633079904365736
46.59361607595992 8.200450442792484
44.53247212536128 4.977018800634794
42.47132817476264 7.80851460297376
40.410184224164 4.7777492032356506
38.349040273565365 5.447057750798715
36.28789632296672 6.570585418623714
34.22675237236808 5.563768795726359
32.165608421769434 5.447873776143335
30.104464471170797 8.52972012130749
28.04332052057216 11.22903375772517
25.982176569973515 17.37526207911462
23.921032619374877 18.638341738152448
21.859888668776236 31.102027038783667
19.798744718177595 44.388651826644995
17.737600767578954 59.158437135179106
15.676456816980314 76.53362337882004
13.615312866381673 94.2473741556382
11.554168915783032 110.70962374193297
9.49302496518439 131.39383215064703
7.43188101458575 135.73384441834924
5.370737063987109 146.0274389645295
3.3095931133884684 144.05728731789654
1.2484491627898275 136.82462228149834
-0.8126947878088131 135.24435867644223
-2.8738387384074535 126.18894738035915
-4.934982689006095 117.40068564539817
-6.996126639604736 103.87914782338223
-9.057270590203377 87.51844133804005
-11.118414540802018 74.02638984986804
-13.179558491400657 64.0114003078135
-15.240702441999298 53.48142931361637
-17.301846392597938 47.22120930667462
-19.36299034319658 45.69076812852887
-21.424134293795223 39.96751866337439
-23.48527824439386 41.54528327059397
-25.546422194992505 43.51319723256935
-27.607566145591143 38.36735035906576
-29.668710096189784 43.199960548992216
-31.72985404678843 50.72624907421901
-33.790997997387066 46.20195805188051
-35.85214194798571 42.828773698943564
-37.91328589858435 38.61042541966493
-39.97442984918299 35.38761330075055
-42.03557379978163 36.37759498045697
-44.09671775038027 35.372442055916586
-46.15786170097891 35.22467749414517
-48.219005651577554 31.378155461226978
-50.280149602176195 30.070073776768144
-52.341293552774836 28.623097909881203
-54.40243750337348 29.40777727689557
-56.46358145397212 33.289873359420305
-58.52472540457075 37.644925985226806
-60.58586935516939 41.48092310735644
-62.647013305768034 43.8242525292097
-64.70815725636668 44.01021688691458
-66.76930120696532 45.47603990735864
-68.83044515756396 48.83164470670503
-70.8915891081626 49.31519585089565
-72.95273305876124 49.10142163648463
-75.01387700935989 50.92341584756736
-77.07502095995852 45.11068805696348
-79.13616491055716 48.44409240597361
-81.1973088611558 45.77258736448123
-83.25845281175444 37.24101125315496
-85.31959676235309 30.212552709343434
-87.38074071295172 28.831897386339193
-89.44188466355037 25.57625064690283
-91.503028614149 18.874004590944804
-93.56417256474764 18.146683922626558
-95.6253165153463 17.466527717139687
-97.68646046594493 11.471308728075577
-99.74760441654357 14.353035383887638
-101.8087483671422 10.1941225818909
-103.86989231774085 12.464361519650389
-105.93103626833948 12.20746127845639
-107.99218021893813 9.941596307428448
-110.05332416953676 9.869810840349823
-112.11446812013541 11.088673711982855
-114.17561207073405 13.476486896484072
-116.23675602133268 12.241874968030828
-118.29789997193133 12.820611127754608
-120.35904392252996 8.597775879470534
-122.42018787312861 7.326940952875596
-124.48133182372725 7.717826483063541
-126.5424757743259 10.652570713743026
-128.60361972492453 10.846184947963504
-130.66476367552318 8.282327931691308
-132.7259076261218 6.8590701018386655
-134.78705157672047 7.357132723328706
-136.8481955273191 8.69569514369932
-138.90933947791774 7.888266345403748
-140.97048342851636 9.672630172874472
-143.031627379115 8.641609735242366
-145.09277132971366 9.560437024351625
-147.1539152803123 9.91395409621044
-149.21505923091092 8.20072237137985
-151.27620318150957 7.876439882298763
-153.33734713210825 8.091577466823
-155.39849108270687 8.138585490757652
-157.45963503330552 9.456543715093007
-159.52077898390414 7.12370767961289
-161.58192293450278 10.199748161963281
-163.64306688510143 6.701588445508442
-165.70421083570008 9.859954058705222
-167.7653547862987 8.58502156212217
-169.82649873689735 9.164136282717175
-171.88764268749597 7.887691402280214
-173.94878663809465 6.196391656266265
-176.00993058869327 8.754655788756052
-178.0710745392919 7.870794889886567
-180.13221848989053 7.69898787740737
-182.1933624404892 9.731057631878981
-184.25450639108783 9.187406602906764
-186.31565034168648 9.59277571846307
-188.3767942922851 7.960952362521828
-190.43793824288375 9.115029173992056
-192.49908219348242 9.331335049685535
-194.56022614408104 8.251368769219994
-196.6213700946797 10.567913200747899
-198.6825140452783 12.75188003248895
-200.74365799587696 11.028840116769496
-202.8048019464756 10.785000963955238
-204.86594589707425 9.907899562476159
-206.92708984767287 7.457561589085393
-208.98823379827152 11.509528898349656
-211.04937774887014 8.34642944318765
-213.11052169946882 8.36129804323661
-215.17166565006744 12.786611667916004
-217.2328096006661 12.156559930020093
-219.2939535512647 9.863473978750362
-221.35509750186338 3.85720610805341
-223.416241452462 4.400440272850095
-225.47738540306065 5.752188487133794
-227.53852935365927 6.613115452935621
-229.59967330425792 6.2625442808281
-231.6608172548566 9.165204263357328
