# BEGINHEADER
# This file contains data from the SALSA 2m radio telescope.
# DATE=2023-03-31T06:18:0026
# GLON and GLAT given in degrees
# GLON=8.84058905694807
# GLAT=0.3035690356088113
# DATA in two columns below. Col. 1 is velocity relative to LSR [km/s]. Col. 2 is uncalibrated antenna temperature [K].
# ENDHEADER
307.1912183425921 1.927957595465496
305.1300743919934 10.58847691710867
303.0689304413948 8.213374435424994
301.00778649079615 5.6533663500360944
298.94664254019756 7.271961291207497
296.88549858959885 8.31108565089351
294.8243546390002 7.512657838311538
292.7632106884016 3.7479050847804753
290.70206673780297 6.065893163943509
288.64092278720426 3.310650583943311
286.57977883660567 5.755155810625638
284.518634886007 7.354525024839943
282.4574909354084 4.499567333010318
280.3963469848097 5.840068898338251
278.3352030342111 1.7750895953642423
276.2740590836125 8.055303864429865
274.2129151330138 5.176805532556304
272.1517711824152 4.115626384639167
270.09062723181654 9.031060706369551
268.0294832812179 7.4796807918426245
265.96833933061924 3.3377887352798385
263.9071953800206 1.8974771142027897
261.84605142942195 5.877177522511456
259.78490747882336 3.582338287009717
257.7237635282247 6.095573722889882
255.66261957762606 2.7741331217407663
253.6014756270274 7.501305238200773
251.54033167642876 5.3522981845668065
249.47918772583014 8.362682359805245
247.4180437752315 4.6800359787373305
245.35689982463285 3.204319034103047
243.2957558740342 6.463418742769214
241.23461192343555 6.223000811203222
239.17346797283693 6.586670936693945
237.11232402223828 7.946903729807583
235.05118007163964 4.679017866558008
232.990036121041 4.04705389329237
230.92889217044237 5.2098282887194145
228.86774821984372 5.67474671985189
226.8066042692451 3.4379384079555604
224.74546031864642 4.608026552984561
222.6843163680478 4.41563668839416
220.62317241744915 6.382026546667033
218.56202846685053 6.358702518465986
216.5008845162519 3.7681628393686517
214.43974056565324 3.2697575531453897
212.3785966150546 7.416820981522242
210.31745266445594 5.579284257609186
208.25630871385732 4.967656965040573
206.19516476325865 5.627328937789947
204.13402081266003 3.7503388139909446
202.07287686206138 5.371351081563643
200.01173291146276 5.0318551530075855
197.9505889608641 3.8260876106603954
195.8894450102655 5.794309175265758
193.82830105966684 5.796325041602842
191.76715710906822 5.767680392962539
189.70601315846957 5.89613551312016
187.64486920787093 9.657456104513486
185.58372525727228 7.2172788870776055
183.52258130667366 5.761595446372307
181.461437356075 4.476232726676099
179.40029340547636 6.982245918264939
177.3391494548777 12.413933315571747
175.2780055042791 8.327890844250346
173.21686155368045 8.594936321290646
171.15571760308183 9.056950019035414
169.09457365248315 9.879126321717028
167.0334297018845 8.738861281944839
164.97228575128588 7.184116023663696
162.91114180068723 7.023351517412473
160.8499978500886 6.3029947943444675
158.78885389948994 7.771737855252637
156.72770994889132 8.996778978940837
154.66656599829267 11.925498444396649
152.60542204769405 8.968190885398222
150.54427809709537 8.90012976021677
148.48313414649675 8.96670489231792
146.4219901958981 9.58382885063632
144.36084624529948 8.22181026280304
142.29970229470084 7.58395731461234
140.2385583441022 10.679414257704632
138.17741439350354 10.256337525043314
136.11627044290492 9.7738010522835
134.05512649230627 10.407797397747292
131.99398254170765 8.374789520929824
129.93283859110898 10.530230689737145
127.87169464051034 11.400721235380649
125.81055068991171 13.174883938499189
123.74940673931306 10.587048876916299
121.68826278871443 10.10373376790376
119.62711883811579 8.131984987499779
117.56597488751714 7.825517923854204
115.50483093691851 10.54654809685948
113.44368698631986 9.13691675719502
111.38254303572121 9.797915919091135
109.32139908512256 8.871941500007697
107.26025513452393 10.975735120207494
105.1991111839253 8.620432695638153
103.13796723332665 7.694025105777297
101.07682328272801 6.443444758517312
99.01567933212937 7.951659564588072
96.95453538153072 12.841828710265549
94.89339143093208 10.797148716077709
92.83224748033344 8.280074550617265
90.7711035297348 9.165816484088417
88.70995957913615 9.062437642511513
86.64881562853752 12.391966402015274
84.58767167793889 11.848448265177288
82.52652772734024 12.065265814587796
80.4653837767416 10.401223129466805
78.40423982614296 11.199809214621032
76.34309587554432 13.624167678381946
74.28195192494566 13.440126765139146
72.22080797434703 14.344972349428092
70.15966402374839 14.434305367744594
68.09852007314974 16.13557391925019
66.03737612255111 12.639812886159692
63.97623217195247 13.249137078151714
61.91508822135383 13.864437249651223
59.853944270755186 18.489178252845715
57.792800320156545 14.514315706882563
55.7316563695579 15.956107400401017
53.67051241895926 19.388011985193042
51.60936846836063 18.05248313895095
49.54822451776199 23.612924556107732
47.487080567163346 21.361376221264194
45.425936616564705 26.603991367481093
43.36479266596606 28.92589653513319
41.303648715367416 29.648551516699946
39.242504764768775 34.388257628719735
37.18136081417014 39.374546936227674
35.1202168635715 43.03682257826715
33.05907291297286 49.650336619749034
30.997928962374218 47.15580214856792
28.936785011775573 52.564696453894264
26.875641061176935 54.89708815237067
24.814497110578294 64.19160895169352
22.753353159979653 73.09459073401156
20.692209209381012 75.1029004475156
18.63106525878237 75.78289299744489
16.56992130818373 73.29388534531408
14.50877735758509 77.12095863084339
12.44763340698645 83.14830246484549
10.386489456387809 85.48044361335782
8.325345505789167 80.25416876750512
6.264201555190527 80.09234964259166
4.203057604591886 82.87242419969336
2.1419136539932455 81.17425660241113
0.0807697033946047 75.89067535707976
-1.9803742472040358 63.54056769985808
-4.041518197802677 57.97882126653535
-6.1026621484013175 54.574362842608636
-8.16380609899996 51.373051910812706
-10.224950049598599 50.78430692771635
-12.28609400019724 50.44630666469499
-14.347237950795881 46.79301482685031
-16.40838190139452 43.93158422174479
-18.469525851993165 42.44490040973965
-20.530669802591802 37.435954557361974
-22.591813753190443 35.09379591067243
-24.652957703789085 30.19142574765476
-26.714101654387726 26.95104003611695
-28.775245604986367 20.197095335099053
-30.836389555585008 17.633398790288272
-32.89753350618365 16.564073292520046
-34.95867745678229 15.80013224190737
-37.01982140738093 15.511077405302865
-39.08096535797957 13.726773003814852
-41.14210930857821 14.379075694086866
-43.203253259176854 10.777815778478665
-45.26439720977549 12.869074010621558
-47.32554116037413 10.512810705479907
-49.38668511097277 12.825732097402323
-51.44782906157142 11.764549136551372
-53.50897301217006 10.605417415953157
-55.5701169627687 12.624312657997079
-57.63126091336734 12.174280038293759
-59.692404863965976 14.414314880054896
-61.75354881456462 10.308384430859276
-63.81469276516326 11.473941894184788
-65.87583671576189 10.943887768769509
-67.93698066636054 8.734321447680017
-69.99812461695917 10.570903188507758
-72.05926856755782 7.408880562579569
-74.12041251815646 10.89895795626056
-76.1815564687551 12.676123587274908
-78.24270041935374 14.584753810758066
-80.30384436995237 10.27785485787283
-82.36498832055103 8.62718638056103
-84.42613227114967 7.634032598760629
-86.48727622174832 9.877496584422506
-88.54842017234695 11.953387947266814
-90.6095641229456 9.416453271632472
-92.67070807354423 7.366962196301409
-94.73185202414287 9.750284763711099
-96.79299597474152 11.410995560979801
-98.85413992534015 12.883335205511763
-100.91528387593878 12.92697387663831
-102.97642782653742 12.821806230647455
-105.03757177713607 12.939483924551935
-107.0987157277347 13.7916623616398
-109.15985967833335 11.213019223665821
-111.22100362893198 11.435194255590494
-113.28214757953063 9.435042827468367
-115.34329153012926 10.655434374487767
-117.4044354807279 15.053224430954915
-119.46557943132655 11.216635217469285
-121.5267233819252 10.82933768200236
-123.58786733252384 11.581217178639845
-125.64901128312248 10.810823119375026
-127.71015523372111 10.175887119684948
-129.77129918431976 10.66509460901493
-131.8324431349184 12.319151800287736
-133.89358708551703 14.444921831159663
-135.95473103611567 16.465957313495228
-138.0158749867143 14.800667715186531
-140.07701893731297 11.722205415509078
-142.13816288791162 9.759663327397972
-144.19930683851024 11.60827445717125
-146.2604507891089 13.427403546863117
-148.3215947397075 13.402278786931694
-150.38273869030618 11.387594035930595
-152.4438826409048 12.017493346436352
-154.50502659150345 9.699172133565483
-156.56617054210207 12.501222044164773
-158.62731449270072 9.270665980550987
-160.68845844329937 12.167292822219215
-162.74960239389802 13.234450153528865
-164.81074634449664 11.336558141248274
-166.87189029509528 13.606048677364749
-168.9330342456939 13.550567162783317
-170.99417819629258 13.988257227451786
-173.0553221468912 9.587475738796682
-175.11646609748985 14.004327210004764
-177.17761004808847 13.303557170106
-179.23875399868714 19.443318962999086
-181.2998979492858 16.250710518703595
-183.3610418998844 15.180617548686458
-185.42218585048306 14.118662692099084
-187.48332980108168 10.926804702225919
-189.54447375168036 13.2073035645582
-191.60561770227898 11.98456522014392
-193.66676165287763 11.530308183098953
-195.72790560347624 13.532725130313814
-197.7890495540749 10.12788372738375
-199.85019350467354 13.261773653904948
-201.91133745527222 13.761512514201117
-203.97248140587084 8.982267751060071
-206.03362535646949 11.889775023399778
-208.0947693070681 11.09075460050271
-210.15591325766678 8.409004027505349
-212.2170572082654 9.147049276054014
-214.27820115886405 12.088849328430076
-216.3393451094627 8.03100083429045
-218.40048906006132 9.7054762719308
