# BEGINHEADER
# This file contains data from the SALSA 2m radio telescope.
# DATE=2023-03-31T08:54:0022
# GLON and GLAT given in degrees
# GLON=80.86087079632766
# GLAT=0.06666743605236111
# DATA in two columns below. Col. 1 is velocity relative to LSR [km/s]. Col. 2 is uncalibrated antenna temperature [K].
# ENDHEADER
292.0729632340044 2.645507147748629
290.0118192834057 1.9474174448934274
287.9506753328071 4.569715694129651
285.8895313822085 2.5947755676405295
283.8283874316098 0.9599424776492367
281.7672434810112 5.6688061697398116
279.70609953041253 -1.0644673059906513
277.64495557981394 2.914744619030995
275.58381162921523 1.6987472243905581
273.5226676786166 0.2866865782713444
271.461523728018 1.7790171711392182
269.40037977741935 2.240589309895257
267.3392358268207 -0.35361125968214985
265.27809187622205 -1.5302331845403012
263.2169479256234 1.749104857412729
261.1558039750248 0.45527349374193293
259.0946600244261 -0.12347356077833861
257.0335160738275 -2.2779358769026463
254.97237212322887 -2.872506700648594
252.91122817263022 0.6805801302266411
250.8500842220316 -0.13291152746421517
248.78894027143292 -1.7236453628521362
246.7277963208343 0.4169159842650231
244.66665237023565 -2.869296211481158
242.60550841963703 3.760414715707167
240.54436446903836 0.7332719109123151
238.4832205184397 -1.3144439593720958
236.4220765678411 2.5892052438714552
234.36093261724244 3.8895262296347783
232.29978866664382 2.765093024154368
230.23864471604514 4.0890677742576464
228.17750076544652 2.3938798628207376
226.11635681484788 1.5009571855091695
224.05521286424926 2.020275040827386
221.9940689136506 1.7373318659418964
219.93292496305196 -3.4225512598640138
217.8717810124533 2.24494458651791
215.8106370618547 1.5635714016618598
213.74949311125604 0.08362737290664154
211.68834916065742 -2.739605718688232
209.62720521005875 1.6918417038750675
207.56606125946013 0.24759043264277372
205.50491730886148 -1.124467444498166
203.44377335826286 -0.16166801632995323
201.38262940766418 4.0133015824019775
199.32148545706553 -2.953102173321074
197.2603415064669 1.4204202684833998
195.19919755586824 0.658622477371906
193.13805360526962 0.5510833220248196
191.07690965467097 0.282956874630773
189.01576570407232 2.998715251156721
186.95462175347367 4.070451744246077
184.89347780287505 3.2420159084406044
182.8323338522764 -0.35863300923884683
180.7711899016778 2.1250822350761998
178.7100459510791 0.02615276774607528
176.6489020004805 -0.39949817397811227
174.58775804988184 -1.6704927430749403
172.52661409928322 -1.1653401619186174
170.46547014868457 5.28345919584173
168.40432619808593 0.547769201522856
166.34318224748728 3.6244312040483178
164.28203829688866 5.420025154610103
162.22089434629 1.6051433955232297
160.15975039569133 1.7605749127942305
158.0986064450927 3.1128589175215375
156.03746249449406 2.799608653923131
153.97631854389545 -0.35600024275412295
151.9151745932968 0.23139171805964323
149.85403064269815 -1.9660796218057777
147.7928866920995 3.3082248662939184
145.73174274150088 1.5143105718201122
143.67059879090223 3.353725153094485
141.6094548403036 2.4414611747619817
139.54831088970494 2.4830504618135616
137.48716693910632 3.8069943788761567
135.42602298850767 3.2418116593932766
133.36487903790905 2.7317955671746965
131.30373508731037 5.183222695361101
129.24259113671175 1.1219185616915506
127.1814471861131 0.8255565108890761
125.12030323551447 6.408496156239713
123.05915928491582 -0.7235927997662615
120.99801533431719 2.388947331914779
118.93687138371854 5.677202100745293
116.8757274331199 3.33479438058257
114.81458348252127 3.338940737607314
112.75343953192262 6.961019164856331
110.69229558132399 13.043260184173633
108.63115163072534 3.9793118670870498
106.57000768012671 -0.7163002468612959
104.50886372952804 4.583937979807606
102.44771977892941 5.144827961317433
100.38657582833078 1.8442122334442208
98.32543187773214 7.023121377522105
96.2642879271335 3.731095760318395
94.20314397653486 4.831893326373646
92.14200002593623 8.298787368206636
90.08085607533758 2.153808994184616
88.01971212473894 2.951163751420942
85.9585681741403 4.379988982096633
83.89742422354166 1.8920413203245146
81.83628027294301 1.8741004997166661
79.77513632234438 4.218437253457093
77.71399237174575 2.235393119822065
75.6528484211471 2.243938831695283
73.59170447054846 3.5928617898041466
71.53056051994982 4.30558066594543
69.46941656935118 3.340477092889052
67.40827261875253 8.891059227131047
65.34712866815389 2.5514411871828053
63.28598471755525 4.308197629343434
61.22484076695661 6.038931656543265
59.16369681635798 2.853270188681685
57.102552865759336 8.092814376784
55.04140891516069 6.589807811474619
52.980264964562046 6.6016778695228675
50.919121013963405 3.329981408258973
48.857977063364764 4.027926554254831
46.79683311276612 6.99465571173591
44.73568916216749 5.530981446227616
42.67454521156885 4.6818295849934755
40.61340126097021 6.857819655877992
38.552257310371566 8.394582409318827
36.49111335977292 7.5064106171993785
34.42996940917428 5.534621041201233
32.36882545857564 6.956628657572992
30.307681507976998 11.221096876042534
28.24653755737836 11.55971990933855
26.18539360677972 12.013883478763413
24.124249656181078 17.98340766157838
22.063105705582437 28.36729044447931
20.001961754983796 40.02754845594328
17.940817804385155 52.921825528549306
15.879673853786516 70.97862565486153
13.818529903187873 97.03553489984306
11.757385952589233 115.54307363067298
9.696242001990592 130.55165655582036
7.635098051391951 133.46028243475004
5.573954100793311 139.04161518453432
3.51281015019467 131.41355889233674
1.451666199596029 130.43885975108853
-0.6094777510026117 129.72067043941067
-2.6706217016012523 118.03932974021593
-4.731765652199893 118.93825937127349
-6.792909602798534 109.37761984210219
-8.854053553397174 101.43767498662436
-10.915197503995815 81.73172367625666
-12.976341454594456 71.6128571091217
-15.037485405193097 56.89217830482881
-17.09862935579174 46.349935041263905
-19.15977330639038 41.0552146145608
-21.22091725698902 37.00400175755879
-23.28206120758766 36.40629789139695
-25.3432051581863 32.08413971621713
-27.404349108784942 35.13658900916965
-29.465493059383583 35.00142497705263
-31.526637009982224 39.54428438066194
-33.587780960580865 47.50420825670813
-35.648924911179506 50.133575870012876
-37.71006886177814 49.961587584695714
-39.77121281237678 49.021981710785774
-41.83235676297543 47.566307973270725
-43.89350071357407 41.960648860342104
-45.95464466417271 41.2455424471173
-48.01578861477135 38.299640102349315
-50.076932565369994 34.55625074847882
-52.13807651596863 27.469844466795383
-54.19922046656727 27.86480195526542
-56.26036441716591 28.527494929212203
-58.32150836776455 27.27360809091731
-60.3826523183632 28.341689960690072
-62.44379626896184 34.10241215181583
-64.50494021956047 39.875586828353
-66.56608417015912 46.98790717127821
-68.62722812075776 52.393635056294485
-70.6883720713564 47.81213295170195
-72.74951602195503 47.38947286435274
-74.81065997255368 43.38737524048052
-76.87180392315231 43.22930980965205
-78.93294787375096 39.892349545076826
-80.9940918243496 38.94936308215436
-83.05523577494824 39.09578997783714
-85.11637972554688 29.076721673656724
-87.17752367614551 32.50892567694719
-89.23866762674416 26.72959893382731
-91.29981157734281 24.715836153504323
-93.36095552794146 20.94856172837604
-95.42209947854009 18.29465892503426
-97.48324342913874 10.674176846822593
-99.54438737973739 13.490562653542417
-101.60553133033602 14.318149640731527
-103.66667528093467 13.027910506536037
-105.7278192315333 11.901569798309515
-107.78896318213194 10.143250003390325
-109.85010713273059 13.874106169769673
-111.91125108332922 11.750155113075612
-113.97239503392787 13.03629951796282
-116.0335389845265 10.532553769221119
-118.09468293512515 11.658971514854967
-120.15582688572378 12.422339044423074
-122.21697083632242 11.367581991743148
-124.27811478692107 11.112157817016142
-126.3392587375197 8.746610624305436
-128.40040268811836 9.821771324141
-130.46154663871698 12.715110147084433
-132.52269058931563 9.402787753443697
-134.58383453991428 7.609251216714405
-136.6449784905129 6.816216959962893
-138.70612244111155 10.33022105699896
-140.7672663917102 10.819665513322338
-142.82841034230884 8.472027662928163
-144.88955429290746 7.719799170778986
-146.9506982435061 12.22249598334812
-149.01184219410476 7.90455335154271
-151.0729861447034 8.480875393778327
-153.13413009530205 12.535858617663202
-155.19527404590067 12.921728588684562
-157.25641799649932 9.24181203491461
-159.31756194709797 7.586596659844737
-161.37870589769662 6.948323978468966
-163.43984984829524 4.7819196980666545
-165.5009937988939 7.679503676881791
-167.5621377494925 10.485571070155855
-169.62328170009118 10.085994213828318
-171.6844256506898 12.418864839058626
-173.74556960128845 9.349986178006455
-175.80671355188707 6.280606956227268
-177.86785750248572 9.825575426709763
-179.92900145308437 6.593105681596427
-181.99014540368302 4.657307261932885
-184.05128935428164 10.031634378203842
-186.11243330488028 8.524687219876933
-188.17357725547896 8.684246511045034
-190.23472120607758 7.413080372205821
-192.29586515667623 7.8897133667533526
-194.35700910727485 7.842991636373426
-196.4181530578735 10.999776815579501
-198.47929700847212 8.354052300947792
-200.54044095907076 9.279568279001028
-202.60158490966938 9.678782753235154
-204.66272886026803 8.112179729697663
-206.72387281086668 6.864271583274591
-208.78501676146533 11.228140683281046
-210.84616071206395 12.625922282578061
-212.9073046626626 9.104366989569852
-214.96844861326124 9.707618640606931
-217.0295925638599 8.880371310119628
-219.0907365144585 7.035446474855272
-221.15188046505716 9.877172727304805
-223.21302441565578 9.666115863328672
-225.27416836625446 7.106960995863613
-227.3353123168531 8.091081784425079
-229.39645626745173 9.185626959424896
-231.45760021805037 4.988998004491172
-233.518744168649 3.7856302860243964
