# BEGINHEADER
# This file contains data from the SALSA 2m radio telescope.
# DATE=2023-03-31T09:02:0028
# GLON and GLAT given in degrees
# GLON=83.86701343195877
# GLAT=0.052391281016020724
# DATA in two columns below. Col. 1 is velocity relative to LSR [km/s]. Col. 2 is uncalibrated antenna temperature [K].
# ENDHEADER
290.1736542472675 3.8121232909284366
288.11251029666886 3.1810975517947213
286.05136634607027 6.416027110622626
283.9902223954716 3.9772630194295426
281.9290784448729 2.953610615561559
279.8679344942743 2.295030708387996
277.8067905436757 4.332177030127821
275.7456465930771 4.3545872406912425
273.6845026424784 0.12494587353176667
271.62335869187973 3.51700797052021
269.56221474128114 2.8634615716788843
267.50107079068243 0.6356209089905777
265.43992684008384 5.266172082698128
263.3787828894852 2.12077787419122
261.31763893888655 1.0479018776961617
259.2564949882879 1.1899533598125553
257.19535103768925 -0.13593484308774162
255.13420708709063 2.7389794364603195
253.07306313649198 3.112283739491349
251.01191918589336 3.5557933078678667
248.9507752352947 -0.7309012161104932
246.88963128469607 -2.8462620233974922
244.82848733409742 0.6468086561659598
242.7673433834988 1.945964720041988
240.70619943290015 1.2000395315388481
238.6450554823015 -0.2978696650567239
236.58391153170285 1.2979137648386259
234.5227675811042 4.027084549596071
232.46162363050558 2.436492781949432
230.40047967990694 3.605138462475118
228.3393357293083 1.7646180428813205
226.27819177870964 3.247095221638645
224.21704782811102 3.1538560020816946
222.15590387751237 3.3650365008887633
220.09475992691375 4.831270003700796
218.03361597631508 2.295533178832254
215.97247202571646 4.560509171971637
213.9113280751178 2.4337601721080153
211.8501841245192 2.6245700481016163
209.7890401739205 3.6528585652734296
207.7278962233219 -0.21923009144585295
205.66675227272324 3.0126325477571245
203.60560832212462 4.150788644177939
201.54446437152598 3.390957888815248
199.48332042092733 1.9735484080356511
197.42217647032865 5.327961589751023
195.36103251973 0.33994147859529483
193.29988856913138 2.4205302713142545
191.23874461853273 3.821192637157639
189.17760066793412 4.424346307901727
187.11645671733544 5.383664234235663
185.05531276673682 3.0684090572892155
182.99416881613817 6.869593855491504
180.93302486553955 2.096966324501484
178.8718809149409 4.542841909967285
176.81073696434225 4.538764508209944
174.7495930137436 2.6742124223705734
172.688449063145 3.3715166222049557
170.62730511254634 3.9492905754594894
168.5661611619477 3.641501755874619
166.50501721134904 0.696445216570674
164.44387326075042 4.917653697992889
162.38272931015177 2.4773253251083145
160.32158535955315 1.1496047502446973
158.26044140895448 4.715487055668706
156.19929745835583 3.7622556572564476
154.1381535077572 4.752091222706523
152.07700955715856 5.295275111665452
150.01586560655994 5.119168128714198
147.95472165596127 3.7933747298439857
145.89357770536265 -0.00972400234546565
143.832433754764 3.9601539377712824
141.77128980416538 5.01195883130698
139.71014585356673 4.088182474696957
137.64900190296808 0.478998247298732
135.58785795236943 5.765756018007475
133.5267140017708 3.6256501834161337
131.46557005117216 3.0428105256656277
129.40442610057352 3.7731997509801922
127.34328214997487 2.6116067159933993
125.28213819937623 5.370686575019526
123.2209942487776 5.05912174115761
121.15985029817895 4.694152072895314
119.09870634758032 5.819698869331841
117.03756239698167 5.46941101368512
114.97641844638304 8.121838013880325
112.91527449578439 5.727310768694739
110.85413054518575 12.481356666886297
108.79298659458712 16.265729208920508
106.73184264398847 8.118715740684383
104.67069869338984 5.1312210029647085
102.60955474279119 5.541580313373248
100.54841079219254 7.377642814722474
98.48726684159391 5.995851676745745
96.42612289099527 4.455505614785755
94.36497894039663 2.86081564578617
92.30383498979799 3.973681014522788
90.24269103919936 6.6382483520317
88.18154708860071 4.243301923983665
86.12040313800208 2.2148236709069455
84.05925918740343 6.77449265226761
81.9981152368048 2.677742222922204
79.93697128620614 4.905002419303831
77.87582733560751 5.933435378294922
75.81468338500888 6.569152244729998
73.75353943441023 6.589960135418184
71.6923954838116 5.029998041893131
69.63125153321295 9.63457051385216
67.57010758261431 10.291018693230386
65.50896363201566 6.494289788207304
63.44781968141702 7.426653587180143
61.38667573081838 9.889602332964882
59.32553178021974 7.579725608857449
57.2643878296211 6.075200750338126
55.203243879022466 7.293267724596402
53.142099928423825 7.8430432149635845
51.08095597782518 5.616689178245501
49.019812027226536 9.04352304052794
46.958668076627895 8.18758321287236
44.89752412602925 12.62957414339851
42.83638017543062 11.001120674537859
40.77523622483198 6.367370035045201
38.71409227423334 7.15249837830914
36.652948323634696 11.010911297763364
34.591804373036055 10.951186539596444
32.530660422437414 13.147319828325724
30.469516471838773 11.447347586960584
28.408372521240132 9.562295236304049
26.347228570641487 12.9344029378378
24.286084620042846 15.592176973262156
22.224940669444205 19.458162431409935
20.163796718845568 25.10242222515013
18.102652768246923 33.168327751588045
16.041508817648282 53.419774386476156
13.980364867049643 65.70565153154985
11.919220916451003 90.02683710600115
9.858076965852362 109.02819165132367
7.796933015253722 122.80618843267487
5.735789064655081 125.83104169653711
3.6746451140564393 122.45140096084538
1.6135011634577987 118.34521884748715
-0.44764278714084216 109.0804315417846
-2.508786737739483 112.97163493565918
-4.5699306883381245 113.31767448330531
-6.631074638936764 105.16101902410439
-8.692218589535406 102.39510937722032
-10.753362540134045 86.34803460362816
-12.814506490732688 80.87656493907862
-14.875650441331329 74.35996119699551
-16.93679439192997 63.89065506488918
-18.99793834252861 51.2667788955732
-21.05908229312725 47.950595250016164
-23.12022624372589 39.5443121474033
-25.18137019432453 32.62620469220716
-27.24251414492317 39.307716202666604
-29.303658095521808 35.343153930054584
-31.364802046120452 40.680114056781726
-33.42594599671909 43.71491876627
-35.487089947317735 50.084699446363636
-37.548233897916376 58.01384213527417
-39.60937784851501 60.90193346101419
-41.67052179911365 63.358924958825675
-43.73166574971229 59.55547461848301
-45.79280970031094 54.703499572853595
-47.85395365090958 52.75040899834149
-49.91509760150822 46.068290886597254
-51.97624155210686 42.65452458044877
-54.0373855027055 33.49125396992637
-56.09852945330414 34.46946291843075
-58.15967340390278 32.17777287133777
-60.22081735450142 34.26616203495773
-62.28196130510006 37.76550237736565
-64.3431052556987 35.36081035465906
-66.40424920629735 42.60369770943073
-68.46539315689598 43.45116157061304
-70.52653710749463 50.346405404979755
-72.58768105809327 53.06867406895937
-74.6488250086919 52.84154605241235
-76.70996895929055 55.04911929658977
-78.77111290988918 47.46097828674546
-80.83225686048783 43.98897712284946
-82.89340081108647 37.86457025589499
-84.95454476168511 36.71291237329335
-87.01568871228375 31.363632318199556
-89.07683266288238 33.192266138138365
-91.13797661348103 26.775880445895808
-93.19912056407968 24.01978781895732
-95.26026451467833 26.80668571328938
-97.32140846527696 17.395565297481365
-99.38255241587561 18.188775500993092
-101.44369636647426 16.747748859483586
-103.50484031707289 15.00329292140426
-105.56598426767154 13.806764861103968
-107.62712821827017 15.130066479248196
-109.6882721688688 14.062739626356551
-111.74941611946745 11.080259561590273
-113.81056007006609 10.39328397752688
-115.87170402066474 12.884857001280963
-117.93284797126337 11.617638616961207
-119.99399192186202 13.10004162382287
-122.05513587246065 14.180876782220096
-124.11627982305929 8.22106112071129
-126.17742377365794 12.645163005755224
-128.23856772425657 11.456208810338063
-130.29971167485522 12.44714559894603
-132.36085562545387 13.304621069001
-134.4219995760525 11.594252901419608
-136.48314352665113 9.906295134563317
-138.54428747724978 9.262953478588058
-140.6054314278484 10.9357112240112
-142.66657537844708 9.071230602757243
-144.7277193290457 9.708007958262675
-146.78886327964435 10.314376685182063
-148.85000723024297 10.7810321758263
-150.9111511808416 11.901080117057937
-152.9722951314403 11.317468302843439
-155.0334390820389 10.652673881240219
-157.09458303263756 8.98641878694338
-159.15572698323618 7.340811641430071
-161.21687093383485 11.619122556567817
-163.27801488443347 15.43274153826558
-165.33915883503212 5.5204404501095174
-167.40030278563074 8.792620271048154
-169.4614467362294 10.386579600040236
-171.52259068682804 10.327334674054075
-173.5837346374267 11.19498390895419
-175.6448785880253 13.617808169651164
-177.70602253862396 11.288561980932016
-179.76716648922257 8.756666320281942
-181.82831043982125 9.422066672956927
-183.88945439041987 8.619448285185397
-185.95059834101852 11.775475672552329
-188.01174229161714 10.989109130089297
-190.07288624221582 10.169053957004659
-192.13403019281446 9.781357012483221
-194.19517414341308 8.627373381092058
-196.25631809401173 11.433808904982225
-198.31746204461035 10.167936673683721
-200.378605995209 12.804886628701377
-202.43974994580762 9.929836762061798
-204.50089389640627 12.290522948268519
-206.5620378470049 13.633546197952729
-208.62318179760356 10.943822910715754
-210.68432574820218 12.333932731867732
-212.74546969880083 9.630085338440326
-214.80661364939945 11.162533808869325
-216.86775759999813 11.455317236579068
-218.92890155059675 9.739476049880347
-220.9900455011954 9.328549039938881
-223.05118945179402 9.888993708273667
-225.11233340239266 10.140552906902984
-227.1734773529913 9.202498317955925
-229.23462130358996 7.112363049876016
-231.2957652541886 5.38583734212077
-233.35690920478723 4.81590113070666
-235.41805315538588 6.520496123162994
