# BEGINHEADER
# This file contains data from the SALSA 2m radio telescope.
# DATE=2023-03-31T09:10:0053
# GLON and GLAT given in degrees
# GLON=86.84579539300894
# GLAT=0.05840530249065376
# DATA in two columns below. Col. 1 is velocity relative to LSR [km/s]. Col. 2 is uncalibrated antenna temperature [K].
# ENDHEADER
288.2247459891195 4.61675661362355
286.16360203852093 11.665354852136689
284.10245808792223 5.01350671613099
282.04131413732364 4.75715883996393
279.980170186725 4.990049161450137
277.91902623612634 6.543361634798623
275.8578822855277 4.95929613071555
273.79673833492905 2.153106229475443
271.73559438433045 6.034952929437362
269.6744504337318 0.8552807798045093
267.6133064831331 4.816794695710582
265.5521625325345 3.182069669973086
263.49101858193586 2.5744427414718327
261.4298746313372 0.01380753537448673
259.36873068073857 1.5156901962392246
257.30758673014 2.3091624465837306
255.24644277954127 5.153327357637513
253.18529882894265 3.7896033271529164
251.124154878344 1.7331575809312578
249.06301092774538 6.326599116766569
247.0018669771467 2.3216034488720076
244.94072302654808 3.6000643464320405
242.87957907594944 3.4544337333675226
240.81843512535082 4.2258290434435715
238.75729117475217 4.06525301764885
236.69614722415352 4.052223683267559
234.63500327355487 0.7698914366120797
232.57385932295625 2.8708307264700577
230.5127153723576 5.257977270860854
228.45157142175898 4.11115615808565
226.3904274711603 6.545857777367249
224.3292835205617 4.021815124230016
222.26813956996304 4.33312159473912
220.20699561936442 5.41932427683335
218.14585166876574 4.01010696354719
216.0847077181671 1.527948153229589
214.02356376756848 3.1922433757508197
211.96241981696983 3.2376143370816766
209.9012758663712 1.930850576644502
207.84013191577253 2.3096466811442555
205.7789879651739 2.2591951455307937
203.71784401457526 3.038422652583169
201.65670006397664 3.722413511137256
199.595556113378 3.033296200516575
197.53441216277935 4.870530064917788
195.4732682121807 0.3798813259005839
193.41212426158208 4.95423726992747
191.35098031098343 3.373817630887958
189.2898363603848 5.233947591119228
187.22869240978613 3.6418358886570585
185.16754845918751 3.6965245843217236
183.10640450858887 1.549461132661457
181.04526055799025 0.7570689255538058
178.98411660739157 0.1878208589598449
176.92297265679292 2.0753907968746694
174.8618287061943 6.793930711211192
172.80068475559565 5.239782338478226
170.73954080499703 3.2157532876840036
168.67839685439836 3.5414536217550836
166.61725290379974 2.662635261819321
164.5561089532011 0.008040882994930002
162.49496500260247 4.899726416825485
160.43382105200382 5.832146513472743
158.37267710140517 5.834152983232904
156.31153315080653 3.077213436182585
154.2503892002079 6.075703633361325
152.18924524960926 6.939228983550676
150.1281012990106 4.397821560154697
148.06695734841196 2.814757138528026
146.00581339781334 4.548803050318654
143.9446694472147 3.762084695633804
141.88352549661607 3.2295912529383792
139.8223815460174 4.517824724885789
137.76123759541875 5.400753045760038
135.70009364482013 4.6982409866136985
133.63894969422148 2.5675679723834763
131.57780574362286 4.755297581038612
129.5166617930242 3.4732036548437635
127.45551784242556 7.4843491837972875
125.39437389182693 7.776448286599653
123.33322994122828 5.762008912837145
121.27208599062965 7.184347479480807
119.210942040031 4.498092480230375
117.14979808943235 7.330313661457437
115.08865413883372 5.995255395032798
113.02751018823507 7.64662027437632
110.96636623763644 5.615880967203348
108.90522228703779 9.619656337148243
106.84407833643915 14.857831596920828
104.78293438584052 6.733396604993738
102.72179043524187 4.657031918768897
100.66064648464324 3.5153703003162002
98.5995025340446 7.301147188823578
96.53835858344597 6.08576312357
94.47721463284732 7.404714653434342
92.41607068224869 3.7252323218079417
90.35492673165004 3.202096570703905
88.2937827810514 5.6966539106633585
86.23263883045277 4.21498649998921
84.17149487985412 2.947833623261121
82.11035092925549 4.247483925071467
80.04920697865683 7.3718989579804655
77.98806302805819 7.547352938002027
75.92691907745954 3.565693301388411
73.86577512686091 4.651021787708894
71.80463117626228 6.8385883898617985
69.74348722566363 9.14931037410539
67.682343275065 6.974553524688149
65.62119932446635 4.874288105700545
63.56005537386771 5.899638734464339
61.49891142326907 7.071033977224941
59.43776747267043 8.754004649895688
57.37662352207179 10.778216348529675
55.31547957147315 9.740709889243123
53.25433562087451 9.831381219473096
51.19319167027587 7.636476167704293
49.132047719677225 7.4590209029049115
47.07090376907858 7.945527699178614
45.00975981847994 9.00662085052018
42.9486158678813 7.904667052793075
40.88747191728266 9.047925791176315
38.82632796668402 10.43359958717791
36.765184016085385 10.330843135672259
34.704040065486744 9.864957047127632
32.6428961148881 9.68840169899168
30.58175216428946 11.337622258573305
28.520608213690817 9.580927417243393
26.459464263092176 7.127883319802623
24.39832031249353 12.944391928408322
22.33717636189489 10.91888771240856
20.276032411296253 15.252892346141161
18.214888460697612 19.098143185827578
16.15374451009897 26.070185118879134
14.092600559500328 37.8455034599847
12.03145660890169 55.90282586890592
9.970312658303047 76.95533884150018
7.909168707704408 97.50537313278369
5.848024757105766 107.03521105311309
3.786880806507126 110.74483710331695
1.7257368559084854 102.76777251298722
-0.3354070946901555 98.67642953021195
-2.3965510452887964 92.39940809414583
-4.4576949958874375 87.16376946455122
-6.518838946486078 84.78791966359488
-8.579982897084717 83.00081720511413
-10.64112684768336 85.86343991949686
-12.702270798282001 79.85384944637083
-14.763414748880642 74.82639492923991
-16.824558699479283 74.09709289965512
-18.885702650077924 67.27876226713565
-20.94684660067656 57.87240780745942
-23.007990551275206 50.20697632564015
-25.069134501873844 44.12219292031593
-27.130278452472485 38.96954502976476
-29.191422403071122 41.107563762041934
-31.252566353669767 37.17485966850494
-33.313710304268405 43.54751973655569
-35.374854254867046 39.820287888323236
-37.43599820546569 50.022932197917015
-39.49714215606433 59.446976083860655
-41.55828610666297 57.241548926463786
-43.61943005726161 57.59644548556591
-45.68057400786025 57.18329695966656
-47.74171795845889 57.3196371080997
-49.80286190905753 54.17899707274284
-51.864005859656174 50.50677074615593
-53.925149810254815 44.249160983595374
-55.98629376085346 44.73652631695595
-58.0474377114521 39.93218978791257
-60.10858166205073 33.05262447462231
-62.16972561264937 35.06030803674956
-64.23086956324802 36.367684573733555
-66.29201351384665 39.19547966954519
-68.35315746444529 45.58752496001535
-70.41430141504394 50.22206922782643
-72.47544536564257 51.67119086218682
-74.53658931624123 53.23982420273831
-76.59773326683987 53.759521912780905
-78.65887721743852 58.7816522340965
-80.72002116803715 48.234526061146084
-82.78116511863578 47.00597371532828
-84.84230906923443 44.28230908640615
-86.90345301983307 42.087519344432785
-88.96459697043171 32.059700415793195
-91.02574092103035 32.8104598209912
-93.086884871629 31.45588822878664
-95.14802882222763 26.734711793163708
-97.20917277282626 22.996132269612353
-99.27031672342493 22.81312775580038
-101.33146067402356 21.036039066731153
-103.3926046246222 19.42135738185456
-105.45374857522084 16.469091470610973
-107.51489252581948 13.78746815281716
-109.57603647641812 16.3651220992447
-111.63718042701676 14.732638494221487
-113.69832437761542 14.493036995253082
-115.75946832821406 12.364679498162223
-117.82061227881269 11.788586728620393
-119.88175622941134 11.104537871897433
-121.94290018000997 11.818396480982607
-124.00404413060862 14.9413233504314
-126.06518808120725 12.487954960052479
-128.1263320318059 8.159890258354821
-130.18747598240452 14.286003106659583
-132.2486199330032 9.263907035949098
-134.30976388360182 10.347197612926477
-136.37090783420047 11.1264873937509
-138.43205178479909 10.692898810173839
-140.49319573539776 10.814369396983288
-142.55433968599638 13.181779911603128
-144.61548363659503 10.924435953832432
-146.67662758719365 13.66292572608508
-148.7377715377923 10.212712531491775
-150.79891548839095 10.808690918666047
-152.8600594389896 12.789226508048671
-154.92120338958821 9.3628715829548
-156.98234734018686 9.932950492615955
-159.04349129078548 12.688055175446495
-161.10463524138416 10.237810457263574
-163.16577919198278 9.410671401041842
-165.22692314258143 9.577062432369214
-167.28806709318005 7.419403177138669
-169.34921104377872 8.618582950770486
-171.41035499437737 12.13643447238458
-173.471498944976 10.592460531031747
-175.53264289557464 8.814008732780469
-177.59378684617326 13.985092945224043
-179.65493079677194 13.186008341162845
-181.71607474737056 9.288068315261812
-183.7772186979692 11.88136409719212
-185.83836264856782 12.85839676811572
-187.89950659916647 13.614829239420503
-189.96065054976512 11.633971427560926
-192.02179450036377 9.773820327732256
-194.0829384509624 11.796994774244956
-196.14408240156104 11.524587313195182
-198.20522635215966 9.678121876379747
-200.26637030275833 9.347075952590949
-202.32751425335695 11.851827623649388
-204.3886582039556 16.1127815489085
-206.44980215455422 15.154706202092093
-208.5109461051529 13.089201217329526
-210.57209005575154 9.540362088630744
-212.63323400635016 11.834742397962057
-214.6943779569488 11.412836374053558
-216.75552190754743 10.625639222500137
-218.8166658581461 10.244854781073201
-220.87780980874473 10.948430834208835
-222.93895375934338 13.584976725654645
-225.000097709942 10.726448116661249
-227.06124166054065 9.693603747631592
-229.1223856111393 9.757839412803678
-231.18352956173794 11.476455948354605
-233.24467351233656 9.477699466056663
-235.3058174629352 7.938572439529495
-237.36696141353386 7.972896120921793
