# BEGINHEADER
# This file contains data from the SALSA 2m radio telescope.
# DATE=2023-03-31T09:17:0006
# GLON and GLAT given in degrees
# GLON=89.79582331822282
# GLAT=0.04047422327498065
# DATA in two columns below. Col. 1 is velocity relative to LSR [km/s]. Col. 2 is uncalibrated antenna temperature [K].
# ENDHEADER
286.2311922879095 2.7072211992597577
284.1700483373109 6.136433905800022
282.10890438671225 2.192667854564544
280.04776043611366 7.197003210072531
277.98661648551496 3.433391561388169
275.9254725349163 2.6011665089029283
273.8643285843177 3.356239036237279
271.80318463371907 5.866386433942386
269.7420406831204 4.193047804354761
267.6808967325218 5.289926661086986
265.6197527819231 6.2707892573378
263.5586088313245 -1.7926659018381532
261.49746488072583 2.73051632684145
259.4363209301272 1.3965261493359322
257.3751769795286 0.1962572162507954
255.31403302892994 -0.5609467060169054
253.2528890783313 5.431301686293826
251.19174512773264 1.9236614103927399
249.130601177134 0.4659851654619013
247.06945722653538 4.557509775322338
245.00831327593673 2.6013068823859706
242.94716932533808 1.7672323463817212
240.88602537473943 2.7509849996454774
238.8248814241408 4.030376845598631
236.76373747354216 5.216613936343687
234.70259352294354 1.2432143464420817
232.64144957234487 4.765366468359704
230.58030562174622 3.8806855296820384
228.5191616711476 0.8662645517394333
226.45801772054895 3.7241502539279683
224.39687376995033 0.17425190955444866
222.33572981935166 2.630976696189394
220.27458586875304 4.14990860105314
218.2134419181544 1.6195521208064512
216.15229796755577 2.0457233351074433
214.0911540169571 2.0392635016301193
212.03001006635847 3.8259857738435774
209.96886611575982 5.8687011523933315
207.9077221651612 6.150530090552895
205.84657821456256 3.7948361997254634
203.7854342639639 1.9343057657589782
201.72429031336526 4.618300805987302
199.66314636276664 2.5712981929471517
197.60200241216796 2.6132978744079742
195.54085846156934 1.5947281837561609
193.4797145109707 3.006711044940373
191.41857056037202 4.558269170999673
189.3574266097734 2.017939567179502
187.29628265917475 2.630965593687174
185.23513870857613 4.2611024297044215
183.17399475797748 3.3710943475446773
181.11285080737883 3.45822922176147
179.05170685678019 3.490280773393809
176.99056290618157 2.2696872964063677
174.92941895558292 8.13324192867715
172.86827500498427 4.065115607196129
170.80713105438562 3.0620585391602675
168.745987103787 -0.011254188597919108
166.68484315318835 2.303537660452363
164.62369920258973 3.7060866620626696
162.56255525199106 3.658047652056915
160.50141130139244 7.277715213022249
158.4402673507938 1.4063417696294793
156.37912340019517 5.97293929067474
154.31797944959652 2.964735727427675
152.25683549899784 6.587260522445695
150.19569154839922 4.849816246277398
148.13454759780058 4.532128489005638
146.07340364720196 5.863890709833978
144.01225969660328 5.017572876501355
141.95111574600466 6.43303147192896
139.889971795406 3.550705251662493
137.8288278448074 4.260622743096491
135.76768389420874 5.109812461877156
133.7065399436101 4.74974068279333
131.64539599301145 4.100638512021841
129.58425204241283 7.867446768112489
127.52310809181418 6.214681863208463
125.46196414121553 4.57956726115266
123.4008201906169 3.7601969201364045
121.33967624001825 4.982627798261003
119.27853228941962 2.739074757650999
117.21738833882097 3.322076524825084
115.15624438822233 5.348685301871821
113.0951004376237 7.126651147667867
111.03395648702505 6.112495740295181
108.97281253642642 7.726210216804536
106.91166858582777 12.584427756122817
104.85052463522914 15.012657389201255
102.78938068463049 7.418259882952856
100.72823673403185 3.085545320950808
98.66709278343322 6.7187874746272165
96.60594883283456 2.664187022574694
94.54480488223592 5.718115030722504
92.48366093163727 4.3739114675209905
90.42251698103864 2.882540068162404
88.36137303043999 7.260735990057337
86.30022907984136 4.057734242680715
84.23908512924272 2.1497807460357574
82.17794117864408 4.290303660437135
80.11679722804544 8.380521721731512
78.0556532774468 6.754311236408008
75.99450932684816 6.454384771779034
73.93336537624953 5.964120876519041
71.87222142565088 7.232833312554122
69.81107747505224 3.3014474343680758
67.7499335244536 8.319812209535028
65.68878957385496 6.24577046600154
63.62764562325631 5.694737636619651
61.56650167265767 7.151039302093748
59.50535772205903 4.529854341006332
57.44421377146039 6.400526973651048
55.38306982086175 5.070111068777813
53.32192587026311 6.302140939422434
51.260781919664474 6.454897033183503
49.19963796906584 8.487907515811472
47.13849401846719 6.9048152557702425
45.07735006786855 9.710644637750123
43.01620611726991 6.3145007513122495
40.95506216667127 9.007344722886193
38.89391821607263 9.08645017785919
36.83277426547399 8.540641542408565
34.77163031487535 6.472575242965119
32.710486364276704 3.5227884283462005
30.649342413678067 7.09997696655844
28.588198463079426 8.813153992427925
26.527054512480785 8.067233291375773
24.465910561882147 7.075647284717119
22.404766611283502 9.325537535381935
20.34362266068486 11.357051060367164
18.282478710086224 12.385223277973022
16.221334759487583 21.312422597753248
14.16019080888894 28.94104106252545
12.099046858290299 40.29269565066734
10.037902907691658 56.17517048040032
7.976758957093017 82.78067171517527
5.9156150064943755 98.89357659399607
3.854471055895735 105.60326648771772
1.7933271052970947 106.40690403866357
-0.2678168453015462 98.6352433678105
-2.328960795900187 91.40702744043445
-4.390104746498828 83.57618502347417
-6.451248697097469 78.3406180155015
-8.51239264769611 69.44206424722834
-10.57353659829475 71.4048686781378
-12.63468054889339 71.0566114148524
-14.69582449949203 64.9332511598534
-16.75696845009067 65.45026355900445
-18.818112400689312 62.327344426913356
-20.879256351287953 61.53520460639577
-22.94040030188659 59.483079329972476
-25.001544252485235 53.97764897280355
-27.062688203083876 48.82141115779166
-29.123832153682518 45.525642268439675
-31.184976104281155 45.81378049464003
-33.246120054879796 44.65039958601699
-35.30726400547844 47.16006352573929
-37.36840795607708 51.413349672729346
-39.42955190667572 52.19471328425423
-41.49069585727436 51.785556523980475
-43.551839807873 54.19226249960529
-45.61298375847164 53.22408973498464
-47.67412770907028 52.219084063940365
-49.73527165966893 50.94021587857852
-51.79641561026757 45.3039215057867
-53.857559560866214 46.232028501426704
-55.918703511464855 45.98668152293315
-57.97984746206349 44.856210492792336
-60.04099141266213 46.06823221016302
-62.10213536326077 41.54091710869231
-64.16327931385942 43.54267068992087
-66.22442326445805 38.48234070403032
-68.2855672150567 42.56183868977315
-70.34671116565534 46.527716679643554
-72.40785511625398 47.93691213471395
-74.46899906685262 47.99125083277528
-76.53014301745127 48.51815118288276
-78.5912869680499 47.87795065962675
-80.65243091864853 40.991618236798764
-82.71357486924718 42.12206198486252
-84.77471881984582 42.50166550541108
-86.83586277044446 37.94770901723278
-88.8970067210431 35.25623736876518
-90.95815067164175 33.33803380263662
-93.01929462224038 32.56261995392323
-95.08043857283901 31.70904696068463
-97.14158252343768 28.652369842080265
-99.20272647403631 28.14939495828489
-101.26387042463496 24.012644118678573
-103.3250143752336 19.884724896803377
-105.38615832583224 21.67342334079633
-107.44730227643088 18.699926743533307
-109.50844622702951 18.293393557339254
-111.56959017762816 17.432742756854097
-113.63073412822679 14.174777329482776
-115.69187807882544 13.72925838955474
-117.75302202942407 15.701096601529573
-119.81416598002271 13.113596104720461
-121.87530993062136 12.489850101845445
-123.93645388121999 13.834011529595752
-125.99759783181864 12.167139501303076
-128.0587417824173 14.982092033496592
-130.11988573301593 9.26325146172806
-132.18102968361455 11.301293904925258
-134.2421736342132 11.512738679665077
-136.30331758481182 9.599973116749116
-138.3644615354105 11.833398680715058
-140.42560548600912 11.696485337119064
-142.48674943660777 11.916209424573198
-144.5478933872064 12.841103006999914
-146.60903733780506 9.441610996873337
-148.67018128840368 13.578366649808356
-150.73132523900233 13.1099236193454
-152.79246918960095 11.573176380773159
-154.8536131401996 13.709034920380116
-156.91475709079828 10.522773913643427
-158.9759010413969 9.709686086471068
-161.03704499199554 10.805289653044253
-163.09818894259416 10.064658881436305
-165.1593328931928 10.303732568179727
-167.22047684379146 11.260468766107845
-169.2816207943901 10.671502731271092
-171.34276474498873 8.696352845731587
-173.40390869558738 9.515381198832303
-175.465052646186 10.11564416866557
-177.52619659678467 12.247480188109575
-179.5873405473833 12.735941861978402
-181.64848449798194 11.28681322422903
-183.70962844858056 10.668034467088585
-185.77077239917924 10.001136648425412
-187.83191634977786 13.81563935832422
-189.8930603003765 12.376829816097212
-191.95420425097512 11.568192678780921
-194.01534820157377 8.605571131643321
-196.07649215217245 10.019469561423712
-198.13763610277107 12.35307909814174
-200.1987800533697 13.120878587458348
-202.25992400396834 9.443261193782092
-204.32106795456698 10.64289923553044
-206.3822119051656 9.701256046719209
-208.44335585576425 8.327469413701108
-210.50449980636287 10.40894755706425
-212.56564375696155 9.927203448567996
-214.62678770756017 11.370438325243498
-216.68793165815882 10.082555520430496
-218.74907560875744 10.78213287815167
-220.81021955935609 15.479030740522656
-222.87136350995473 9.463359796671277
-224.93250746055338 10.914999486852086
-226.993651411152 11.35201759273935
-229.05479536175065 10.462039971228783
-231.11593931234927 8.21693411165683
-233.17708326294795 6.070347819484238
-235.2382272135466 9.033188169728895
-237.2993711641452 6.825350036451624
-239.36051511474386 9.862389063863066
